20019,'1492422',640,,378,11,,,0
20019,'1492423',720,,379,11,,,0
20019,'1492424',800,,380,11,,,0
20019,'1492425',840,,381,11,,,0
20019,'1492426',920,,382,11,,,0
20019,'1492427',1000,,383,11,,,0
20019,'1492428',1040,,384,11,,,0
20019,'1492429',1120,,385,11,,,0
20019,'1492430',1200,,386,11,,,0
20019,'1492431',1240,,387,11,,,0
20019,'1492432',1320,,388,11,,,0
20019,'1492433',1400,,389,11,,,0
20019,'1492434',1440,,390,11,,,0
20019,'1492435',1520,,391,11,,,0
20019,'1492436',1600,,392,11,,,0
20019,'1492437',1640,,393,11,,,0
20019,'1492438',1720,,394,11,,,0
20019,'1492439',1800,,395,11,,,0
20019,'1492440',800,,396,11,,,0
20019,'1492441',840,,397,11,,,0
20019,'1492442',920,,398,11,,,0
20019,'1492443',1000,,399,11,,,0
20019,'1492444',1040,,400,11,,,0
20019,'1492445',1120,,401,11,,,0
20019,'1492446',1200,,402,11,,,0
20019,'1492447',1240,,403,11,,,0
20019,'1492448',1320,,404,11,,,0
20019,'1492449',1400,,405,11,,,0
20019,'1492450',1440,,406,11,,,0
20019,'1492451',1520,,407,11,,,0
20019,'1492452',1600,,408,11,,,0
20019,'1492453',1640,,409,11,,,0
20019,'1492454',1720,,410,11,,,0
20019,'1492455',1800,,411,11,,,0
