1019,'1482680',802,,3,9,0,18,0
1019,'1482681',842,,4,9,0,18,0
1019,'1482682',922,,5,9,0,18,0
1019,'1482683',1002,,6,9,0,18,0
1019,'1482684',1042,,7,9,0,18,0
1019,'1482685',1122,,8,9,0,18,0
1019,'1482686',1202,,9,9,0,18,0
1019,'1482687',1242,,10,9,0,18,0
1019,'1482688',1322,,11,9,0,18,0
1019,'1482689',1402,,12,9,0,18,0
1019,'1482690',1442,,13,9,0,18,0
1019,'1482691',1522,,14,9,0,18,0
1019,'1482692',1602,,15,9,0,18,0
1019,'1482693',1642,,16,9,0,18,0
1019,'1482694',1722,,17,9,0,18,0
1019,'1482695',1802,,18,9,0,18,0
1019,'1482696',1842,,19,9,0,18,0
1019,'1482697',1922,,20,9,0,18,0
1019,'1482698',2002,,21,9,0,18,0
1019,'1482699',2042,,22,9,0,18,0
1019,'1482700',2122,,23,9,0,18,0
1019,'1482701',2202,,24,9,0,18,0
