1019,'1482680',814,,3,23,0,11,0
1019,'1482681',854,,4,23,0,11,0
1019,'1482682',934,,5,23,0,11,0
1019,'1482683',1014,,6,23,0,11,0
1019,'1482684',1054,,7,23,0,11,0
1019,'1482685',1134,,8,23,0,11,0
1019,'1482686',1214,,9,23,0,11,0
1019,'1482687',1254,,10,23,0,11,0
1019,'1482688',1334,,11,23,0,11,0
1019,'1482689',1414,,12,23,0,11,0
1019,'1482690',1454,,13,23,0,11,0
1019,'1482691',1534,,14,23,0,11,0
1019,'1482692',1614,,15,23,0,11,0
1019,'1482693',1654,,16,23,0,11,0
1019,'1482694',1734,,17,23,0,11,0
1019,'1482695',1814,,18,23,0,11,0
1019,'1482696',1854,,19,23,0,11,0
1019,'1482697',1934,,20,23,0,11,0
1019,'1482698',2014,,21,23,0,11,0
1019,'1482699',2054,,22,23,0,11,0
1019,'1482700',2134,,23,23,0,11,0
1019,'1482701',2214,,24,23,0,11,0
1019,'1485865',653,,26,26,0,11,0
1019,'1485866',733,,27,26,0,11,0
1019,'1485867',813,,28,26,0,11,0
1019,'1485868',853,,29,26,0,11,0
1019,'1485869',933,,30,26,0,11,0
1019,'1485870',1013,,31,26,0,11,0
1019,'1485871',1053,,32,26,0,11,0
1019,'1485872',1133,,33,26,0,11,0
1019,'1485873',1213,,34,26,0,11,0
1019,'1485874',1253,,35,26,0,11,0
1019,'1485875',1333,,36,26,0,11,0
1019,'1485876',1413,,37,26,0,11,0
1019,'1485877',1453,,38,26,0,11,0
1019,'1485878',1533,,39,26,0,11,0
1019,'1485879',1613,,40,26,0,11,0
1019,'1485880',1653,,41,26,0,11,0
1019,'1485881',1733,,42,26,0,11,0
1019,'1485882',1813,,43,26,0,11,0
