19019,'1489098',650,,308,14,,,0
19019,'1489099',730,,309,14,,,0
19019,'1489100',810,,310,14,,,0
19019,'1489101',850,,311,14,,,0
19019,'1489102',930,,312,14,,,0
19019,'1489103',1010,,313,14,,,0
19019,'1489104',1050,,314,14,,,0
19019,'1489105',1130,,315,14,,,0
19019,'1489106',1210,,316,14,,,0
19019,'1489107',1250,,317,14,,,0
19019,'1489108',1330,,318,14,,,0
19019,'1489109',1410,,319,14,,,0
19019,'1489110',1450,,320,14,,,0
19019,'1489111',1530,,321,14,,,0
19019,'1489112',1610,,322,14,,,0
19019,'1489113',1650,,323,14,,,0
19019,'1489114',1730,,324,14,,,0
19019,'1489115',1810,,325,14,,,0
19019,'1489116',710,,326,14,,,0
19019,'1489117',750,,327,14,,,0
19019,'1489118',830,,328,14,,,0
19019,'1489119',910,,329,14,,,0
19019,'1489120',950,,330,14,,,0
19019,'1489121',1030,,331,14,,,0
19019,'1489122',1110,,332,14,,,0
19019,'1489123',1150,,333,14,,,0
19019,'1489124',1230,,334,14,,,0
19019,'1489125',1310,,335,14,,,0
19019,'1489126',1350,,336,14,,,0
19019,'1489127',1430,,337,14,,,0
19019,'1489128',1510,,338,14,,,0
19019,'1489129',1550,,339,14,,,0
19019,'1489130',1630,,340,14,,,0
19019,'1489131',1710,,341,14,,,0
19019,'1489132',1750,,342,14,,,0
19019,'1489362',650,,343,14,,,0
19019,'1489363',730,,344,14,,,0
19019,'1489364',810,,345,14,,,0
19019,'1489365',850,,346,14,,,0
19019,'1489366',930,,347,14,,,0
19019,'1489367',1010,,348,14,,,0
19019,'1489368',1050,,349,14,,,0
19019,'1489369',1130,,350,14,,,0
19019,'1489370',1210,,351,14,,,0
19019,'1489371',1250,,352,14,,,0
19019,'1489372',1330,,353,14,,,0
19019,'1489373',1410,,354,14,,,0
19019,'1489374',1450,,355,14,,,0
19019,'1489375',1530,,356,14,,,0
19019,'1489376',1610,,357,14,,,0
19019,'1489377',1650,,358,14,,,0
19019,'1489378',1730,,359,14,,,0
19019,'1489379',1810,,360,14,,,0
19019,'1489380',710,,361,14,,,0
19019,'1489381',750,,362,14,,,0
19019,'1489382',830,,363,14,,,0
19019,'1489383',910,,364,14,,,0
19019,'1489384',950,,365,14,,,0
19019,'1489385',1030,,366,14,,,0
19019,'1489386',1110,,367,14,,,0
19019,'1489387',1150,,368,14,,,0
19019,'1489388',1230,,369,14,,,0
19019,'1489389',1310,,370,14,,,0
19019,'1489390',1350,,371,14,,,0
19019,'1489391',1430,,372,14,,,0
19019,'1489392',1510,,373,14,,,0
19019,'1489393',1550,,374,14,,,0
19019,'1489394',1630,,375,14,,,0
19019,'1489395',1710,,376,14,,,0
19019,'1489396',1750,,377,14,,,0
901019,'1489082',850,,456,46,0,16 17,0
901019,'1489083',1010,,457,46,0,16 17,0
901019,'1489084',1130,,458,46,0,16 17,0
901019,'1489085',1250,,459,46,0,16 17,0
901019,'1489086',1410,,460,46,0,16 17,0
901019,'1489087',1530,,461,46,0,16 17,0
901019,'1489088',1650,,462,46,0,16 17,0
901019,'1489089',1810,,463,46,0,16 17,0
901019,'1489090',1930,,464,46,0,16 17,0
901019,'1489091',2050,,465,46,0,16 17,0
901019,'1489092',2210,,466,46,0,16 17,0
901019,'1489247',1930,,467,46,0,16 17,0
901019,'1489248',2050,,468,46,0,16 17,0
901019,'1489249',2210,,469,46,0,16 17,0
901019,'1492540',1930,,494,46,0,16 17,0
901019,'1492541',2050,,495,46,0,16 17,0
901019,'1492542',2210,,496,46,0,16 17,0
902019,'1488205',1850,,497,14,0,16 17,0
902019,'1488206',2010,,498,14,0,16 17,0
902019,'1488207',2130,,499,14,0,16 17,0
902019,'1492543',1850,,514,14,0,16 17,0
902019,'1492544',2010,,515,14,0,16 17,0
902019,'1492545',2130,,516,14,0,16 17,0
902019,'1492546',810,,517,14,0,16 17,0
902019,'1492547',930,,518,14,0,16 17,0
902019,'1492548',1050,,519,14,0,16 17,0
902019,'1492549',1210,,520,14,0,16 17,0
902019,'1492550',1330,,521,14,0,16 17,0
902019,'1492551',1450,,522,14,0,16 17,0
902019,'1492552',1610,,523,14,0,16 17,0
902019,'1492553',1730,,524,14,0,16 17,0
902019,'1492554',1850,,525,14,0,16 17,0
902019,'1492555',2010,,526,14,0,16 17,0
902019,'1492556',2130,,527,14,0,16 17,0
