901019,'1489082',756,,456,8,,,0
901019,'1489083',916,,457,8,,,0
901019,'1489084',1036,,458,8,,,0
901019,'1489085',1156,,459,8,,,0
901019,'1489086',1316,,460,8,,,0
901019,'1489087',1436,,461,8,,,0
901019,'1489088',1556,,462,8,,,0
901019,'1489089',1716,,463,8,,,0
901019,'1489090',1836,,464,8,,,0
901019,'1489091',1956,,465,8,,,0
901019,'1489092',2116,,466,8,,,0
901019,'1489247',1836,,467,8,,,0
901019,'1489248',1956,,468,8,,,0
901019,'1489249',2116,,469,8,,,0
901019,'1489884',636,,470,8,,,0
901019,'1489885',736,,471,8,,,0
901019,'1489886',836,,472,8,,,0
901019,'1489887',936,,473,8,,,0
901019,'1489888',1036,,474,8,,,0
901019,'1489889',1136,,475,8,,,0
901019,'1489890',1236,,476,8,,,0
901019,'1489891',1336,,477,8,,,0
901019,'1489892',1436,,478,8,,,0
901019,'1489893',1536,,479,8,,,0
901019,'1489894',1636,,480,8,,,0
901019,'1489895',1736,,481,8,,,0
901019,'1492528',636,,482,8,,,0
901019,'1492529',736,,483,8,,,0
901019,'1492530',836,,484,8,,,0
901019,'1492531',936,,485,8,,,0
901019,'1492532',1036,,486,8,,,0
901019,'1492533',1136,,487,8,,,0
901019,'1492534',1236,,488,8,,,0
901019,'1492535',1336,,489,8,,,0
901019,'1492536',1436,,490,8,,,0
901019,'1492537',1536,,491,8,,,0
901019,'1492538',1636,,492,8,,,0
901019,'1492539',1736,,493,8,,,0
901019,'1492540',1836,,494,8,,,0
901019,'1492541',1956,,495,8,,,0
901019,'1492542',2116,,496,8,,,0
902019,'1488205',1916,,497,34,,,0
902019,'1488206',2036,,498,34,,,0
902019,'1488207',2156,,499,34,,,0
902019,'1488257',1756,,500,8,,,0
902019,'1489896',656,,503,8,,,0
902019,'1489897',756,,504,8,,,0
902019,'1489898',856,,505,8,,,0
902019,'1489899',956,,506,8,,,0
902019,'1489900',1056,,507,8,,,0
902019,'1489901',1156,,508,8,,,0
902019,'1489902',1256,,509,8,,,0
902019,'1489903',1356,,510,8,,,0
902019,'1489904',1456,,511,8,,,0
902019,'1489905',1556,,512,8,,,0
902019,'1489906',1656,,513,8,,,0
902019,'1492543',1916,,514,34,,,0
902019,'1492544',2036,,515,34,,,0
902019,'1492545',2156,,516,34,,,0
902019,'1492546',836,,517,34,,,0
902019,'1492547',956,,518,34,,,0
902019,'1492548',1116,,519,34,,,0
902019,'1492549',1236,,520,34,,,0
902019,'1492550',1356,,521,34,,,0
902019,'1492551',1516,,522,34,,,0
902019,'1492552',1636,,523,34,,,0
902019,'1492553',1756,,524,34,,,0
902019,'1492554',1916,,525,34,,,0
902019,'1492555',2036,,526,34,,,0
902019,'1492556',2156,,527,34,,,0
903019,'1492477',716,,432,8,0,5,0
903019,'1492478',816,,433,8,0,5,0
903019,'1492479',916,,434,8,0,5,0
903019,'1492480',1016,,435,8,0,5,0
903019,'1492481',1116,,436,8,0,5,0
903019,'1492482',1216,,437,8,0,5,0
903019,'1492483',1316,,438,8,0,5,0
903019,'1492484',1416,,439,8,0,5,0
903019,'1492485',1516,,440,8,0,5,0
903019,'1492486',1616,,441,8,0,5,0
903019,'1492487',1716,,442,8,0,5,0
903019,'1492557',716,,443,8,0,5,0
903019,'1492558',816,,444,8,0,5,0
903019,'1492559',916,,445,8,0,5,0
903019,'1492560',1016,,446,8,0,5,0
903019,'1492561',1116,,447,8,0,5,0
903019,'1492562',1216,,448,8,0,5,0
903019,'1492563',1316,,449,8,0,5,0
903019,'1492564',1416,,450,8,0,5,0
903019,'1492565',1516,,451,8,0,5,0
903019,'1492566',1616,,452,8,0,5,0
903019,'1492567',1716,,453,8,0,5,0
