7019,'1482898',629,,111,4,0,8,0
7019,'1482899',749,,112,4,0,8,0
12019,'1482623',659,,170,4,0,8,0
12019,'1482624',759,,171,4,0,8,0
16019,'1488147',757,,287,15,0,9 10,0
16019,'1488148',857,,288,15,0,9 10,0
16019,'1488149',957,,289,15,0,9 10,0
16019,'1488162',1257,,290,15,0,9 10,0
16019,'1488163',1357,,291,15,0,9 10,0
16019,'1488164',1457,,292,15,0,9 10,0
16019,'1488165',1557,,293,15,0,9 10,0
16019,'1488166',1657,,294,15,0,9 10,0
16019,'1488167',1757,,295,15,0,9 10,0
16019,'1492416',1057,,296,15,0,9 10,0
16019,'1492417',1157,,297,15,0,9 10,0
16019,'1492418',1057,,298,15,0,9 10,0
16019,'1492419',1157,,299,15,0,9 10,0
16019,'1492420',1457,,300,15,0,9 10,0
16019,'1492421',1557,,301,15,0,9 10,0
16019,'1492471',857,,302,15,0,9 10,0
16019,'1492472',957,,303,15,0,9 10,0
16019,'1492473',1657,,304,15,0,9 10,0
16019,'1492474',1757,,305,15,0,9 10,0
16019,'1492475',1257,,306,15,0,9 10,0
16019,'1492476',1357,,307,15,0,9 10,0
