4019,'1489036',700,,65,22,,,0
4019,'1489037',740,,66,22,,,0
4019,'1489038',820,,67,22,,,0
4019,'1489039',900,,68,22,,,0
4019,'1489040',940,,69,22,,,0
4019,'1489041',1020,,70,22,,,0
4019,'1489042',1100,,71,22,,,0
4019,'1489043',1140,,72,22,,,0
4019,'1489044',1220,,73,22,,,0
4019,'1489045',1300,,74,22,,,0
4019,'1489046',1340,,75,22,,,0
4019,'1489047',1420,,76,22,,,0
4019,'1489048',1500,,77,22,,,0
4019,'1489049',1540,,78,22,,,0
4019,'1489050',1620,,79,22,,,0
4019,'1489051',1700,,80,22,,,0
4019,'1489052',1740,,81,22,,,0
4019,'1489053',1820,,82,22,,,0
4019,'1489054',1900,,83,22,,,0
4019,'1489055',1940,,84,22,,,0
4019,'1489056',2020,,85,22,,,0
4019,'1489057',2100,,86,22,,,0
4019,'1489058',2140,,87,22,,,0
4019,'1489059',2220,,88,22,,,0
4019,'1489060',820,,89,22,,,0
4019,'1489061',900,,90,22,,,0
4019,'1489062',940,,91,22,,,0
4019,'1489063',1020,,92,22,,,0
4019,'1489064',1100,,93,22,,,0
4019,'1489065',1140,,94,22,,,0
4019,'1489066',1220,,95,22,,,0
4019,'1489067',1300,,96,22,,,0
4019,'1489068',1340,,97,22,,,0
4019,'1489069',1420,,98,22,,,0
4019,'1489070',1500,,99,22,,,0
4019,'1489071',1540,,100,22,,,0
4019,'1489072',1620,,101,22,,,0
4019,'1489073',1700,,102,22,,,0
4019,'1489074',1740,,103,22,,,0
4019,'1489075',1820,,104,22,,,0
4019,'1489076',1900,,105,22,,,0
4019,'1489077',1940,,106,22,,,0
4019,'1489078',2020,,107,22,,,0
4019,'1489079',2100,,108,22,,,0
4019,'1489080',2140,,109,22,,,0
4019,'1489081',2220,,110,22,,,0
