19019,'1489098',653,,308,19,,,0
19019,'1489099',733,,309,19,,,0
19019,'1489100',813,,310,19,,,0
19019,'1489101',853,,311,19,,,0
19019,'1489102',933,,312,19,,,0
19019,'1489103',1013,,313,19,,,0
19019,'1489104',1053,,314,19,,,0
19019,'1489105',1133,,315,19,,,0
19019,'1489106',1213,,316,19,,,0
19019,'1489107',1253,,317,19,,,0
19019,'1489108',1333,,318,19,,,0
19019,'1489109',1413,,319,19,,,0
19019,'1489110',1453,,320,19,,,0
19019,'1489111',1533,,321,19,,,0
19019,'1489112',1613,,322,19,,,0
19019,'1489113',1653,,323,19,,,0
19019,'1489114',1733,,324,19,,,0
19019,'1489115',1813,,325,19,,,0
19019,'1489116',713,,326,19,,,0
19019,'1489117',753,,327,19,,,0
19019,'1489118',833,,328,19,,,0
19019,'1489119',913,,329,19,,,0
19019,'1489120',953,,330,19,,,0
19019,'1489121',1033,,331,19,,,0
19019,'1489122',1113,,332,19,,,0
19019,'1489123',1153,,333,19,,,0
19019,'1489124',1233,,334,19,,,0
19019,'1489125',1313,,335,19,,,0
19019,'1489126',1353,,336,19,,,0
19019,'1489127',1433,,337,19,,,0
19019,'1489128',1513,,338,19,,,0
19019,'1489129',1553,,339,19,,,0
19019,'1489130',1633,,340,19,,,0
19019,'1489131',1713,,341,19,,,0
19019,'1489132',1753,,342,19,,,0
19019,'1489362',652,,343,19,,,0
19019,'1489363',732,,344,19,,,0
19019,'1489364',812,,345,19,,,0
19019,'1489365',852,,346,19,,,0
19019,'1489366',932,,347,19,,,0
19019,'1489367',1012,,348,19,,,0
19019,'1489368',1052,,349,19,,,0
19019,'1489369',1132,,350,19,,,0
19019,'1489370',1212,,351,19,,,0
19019,'1489371',1252,,352,19,,,0
19019,'1489372',1332,,353,19,,,0
19019,'1489373',1412,,354,19,,,0
19019,'1489374',1452,,355,19,,,0
19019,'1489375',1532,,356,19,,,0
19019,'1489376',1612,,357,19,,,0
19019,'1489377',1652,,358,19,,,0
19019,'1489378',1732,,359,19,,,0
19019,'1489379',1812,,360,19,,,0
19019,'1489380',712,,361,19,,,0
19019,'1489381',752,,362,19,,,0
19019,'1489382',832,,363,19,,,0
19019,'1489383',912,,364,19,,,0
19019,'1489384',952,,365,19,,,0
19019,'1489385',1032,,366,19,,,0
19019,'1489386',1112,,367,19,,,0
19019,'1489387',1152,,368,19,,,0
19019,'1489388',1232,,369,19,,,0
19019,'1489389',1312,,370,19,,,0
19019,'1489390',1352,,371,19,,,0
19019,'1489391',1432,,372,19,,,0
19019,'1489392',1512,,373,19,,,0
19019,'1489393',1552,,374,19,,,0
19019,'1489394',1632,,375,19,,,0
19019,'1489395',1712,,376,19,,,0
19019,'1489396',1752,,377,19,,,0
