1019,'1485865',637,,26,4,0,11,0
1019,'1485866',717,,27,4,0,11,0
1019,'1485867',757,,28,4,0,11,0
1019,'1485868',837,,29,4,0,11,0
1019,'1485869',917,,30,4,0,11,0
1019,'1485870',957,,31,4,0,11,0
1019,'1485871',1037,,32,4,0,11,0
1019,'1485872',1117,,33,4,0,11,0
1019,'1485873',1157,,34,4,0,11,0
1019,'1485874',1237,,35,4,0,11,0
1019,'1485875',1317,,36,4,0,11,0
1019,'1485876',1357,,37,4,0,11,0
1019,'1485877',1437,,38,4,0,11,0
1019,'1485878',1517,,39,4,0,11,0
1019,'1485879',1557,,40,4,0,11,0
1019,'1485880',1637,,41,4,0,11,0
1019,'1485881',1717,,42,4,0,11,0
1019,'1485882',1757,,43,4,0,11,0
