1019,'1485865',642,,26,14,0,11,0
1019,'1485866',722,,27,14,0,11,0
1019,'1485867',802,,28,14,0,11,0
1019,'1485868',842,,29,14,0,11,0
1019,'1485869',922,,30,14,0,11,0
1019,'1485870',1002,,31,14,0,11,0
1019,'1485871',1042,,32,14,0,11,0
1019,'1485872',1122,,33,14,0,11,0
1019,'1485873',1202,,34,14,0,11,0
1019,'1485874',1242,,35,14,0,11,0
1019,'1485875',1322,,36,14,0,11,0
1019,'1485876',1402,,37,14,0,11,0
1019,'1485877',1442,,38,14,0,11,0
1019,'1485878',1522,,39,14,0,11,0
1019,'1485879',1602,,40,14,0,11,0
1019,'1485880',1642,,41,14,0,11,0
1019,'1485881',1722,,42,14,0,11,0
1019,'1485882',1802,,43,14,0,11,0
10019,'1480547',642,,159,9,,,0
10019,'1480551',1522,,160,9,,,0
10019,'1483448',642,,161,9,,,0
10019,'1483449',1522,,162,9,,,0
