12019,'1492505',712,,184,5,0,12 13,0
12019,'1492506',812,,185,5,0,12 13,0
12019,'1492507',1112,,186,5,0,12 13,0
12019,'1492508',1212,,187,5,0,12 13,0
12019,'1492509',1512,,188,5,0,12 13,0
12019,'1492510',1612,,189,5,0,12 13,0
12019,'1492511',812,,190,5,0,12 13,0
12019,'1492512',1112,,191,5,0,12 13,0
12019,'1492513',1212,,192,5,0,12 13,0
12019,'1492514',1512,,193,5,0,12 13,0
12019,'1492515',1612,,194,5,0,12 13,0
12019,'1492516',912,,195,5,0,12 13,0
12019,'1492517',1012,,196,5,0,12 13,0
12019,'1492518',1312,,197,5,0,12 13,0
12019,'1492519',1412,,198,5,0,12 13,0
12019,'1492520',1712,,199,5,0,12 13,0
12019,'1492521',1812,,200,5,0,12 13,0
12019,'1492522',912,,201,5,0,12 13,0
12019,'1492523',1012,,202,5,0,12 13,0
12019,'1492524',1312,,203,5,0,12 13,0
12019,'1492525',1412,,204,5,0,12 13,0
12019,'1492526',1712,,205,5,0,12 13,0
12019,'1492527',1812,,206,5,0,12 13,0
