4019,'1489036',643,,65,13,,,0
4019,'1489037',723,,66,13,,,0
4019,'1489038',803,,67,13,,,0
4019,'1489039',843,,68,13,,,0
4019,'1489040',923,,69,13,,,0
4019,'1489041',1003,,70,13,,,0
4019,'1489042',1043,,71,13,,,0
4019,'1489043',1123,,72,13,,,0
4019,'1489044',1203,,73,13,,,0
4019,'1489045',1243,,74,13,,,0
4019,'1489046',1323,,75,13,,,0
4019,'1489047',1403,,76,13,,,0
4019,'1489048',1443,,77,13,,,0
4019,'1489049',1523,,78,13,,,0
4019,'1489050',1603,,79,13,,,0
4019,'1489051',1643,,80,13,,,0
4019,'1489052',1723,,81,13,,,0
4019,'1489053',1803,,82,13,,,0
4019,'1489054',1843,,83,13,,,0
4019,'1489055',1923,,84,13,,,0
4019,'1489056',2003,,85,13,,,0
4019,'1489057',2043,,86,13,,,0
4019,'1489058',2123,,87,13,,,0
4019,'1489059',2203,,88,13,,,0
4019,'1489060',803,,89,13,,,0
4019,'1489061',843,,90,13,,,0
4019,'1489062',923,,91,13,,,0
4019,'1489063',1003,,92,13,,,0
4019,'1489064',1043,,93,13,,,0
4019,'1489065',1123,,94,13,,,0
4019,'1489066',1203,,95,13,,,0
4019,'1489067',1243,,96,13,,,0
4019,'1489068',1323,,97,13,,,0
4019,'1489069',1403,,98,13,,,0
4019,'1489070',1443,,99,13,,,0
4019,'1489071',1523,,100,13,,,0
4019,'1489072',1603,,101,13,,,0
4019,'1489073',1643,,102,13,,,0
4019,'1489074',1723,,103,13,,,0
4019,'1489075',1803,,104,13,,,0
4019,'1489076',1843,,105,13,,,0
4019,'1489077',1923,,106,13,,,0
4019,'1489078',2003,,107,13,,,0
4019,'1489079',2043,,108,13,,,0
4019,'1489080',2123,,109,13,,,0
4019,'1489081',2203,,110,13,,,0
10019,'1486951',650,,163,3,,,0
10019,'1486952',710,,164,3,,,0
10019,'1486953',730,,165,3,,,0
10019,'1486954',1530,,166,3,,,0
10019,'1486955',1550,,167,3,,,0
10019,'1486956',1610,,168,3,,,0
10019,'1486957',1630,,169,3,,,0
