12019,'1492505',723,,184,16,0,12 13,0
12019,'1492506',823,,185,16,0,12 13,0
12019,'1492507',1123,,186,16,0,12 13,0
12019,'1492508',1223,,187,16,0,12 13,0
12019,'1492509',1523,,188,16,0,12 13,0
12019,'1492510',1623,,189,16,0,12 13,0
12019,'1492511',823,,190,16,0,12 13,0
12019,'1492512',1123,,191,16,0,12 13,0
12019,'1492513',1223,,192,16,0,12 13,0
12019,'1492514',1523,,193,16,0,12 13,0
12019,'1492515',1623,,194,16,0,12 13,0
12019,'1492516',923,,195,16,0,12 13,0
12019,'1492517',1023,,196,16,0,12 13,0
12019,'1492518',1323,,197,16,0,12 13,0
12019,'1492519',1423,,198,16,0,12 13,0
12019,'1492520',1723,,199,16,0,12 13,0
12019,'1492521',1823,,200,16,0,12 13,0
12019,'1492522',923,,201,16,0,12 13,0
12019,'1492523',1023,,202,16,0,12 13,0
12019,'1492524',1323,,203,16,0,12 13,0
12019,'1492525',1423,,204,16,0,12 13,0
12019,'1492526',1723,,205,16,0,12 13,0
12019,'1492527',1823,,206,16,0,12 13,0
