20019,'1492422',651,,378,17,,,0
20019,'1492423',731,,379,17,,,0
20019,'1492424',811,,380,17,,,0
20019,'1492425',851,,381,17,,,0
20019,'1492426',931,,382,17,,,0
20019,'1492427',1011,,383,17,,,0
20019,'1492428',1051,,384,17,,,0
20019,'1492429',1131,,385,17,,,0
20019,'1492430',1211,,386,17,,,0
20019,'1492431',1251,,387,17,,,0
20019,'1492432',1331,,388,17,,,0
20019,'1492433',1411,,389,17,,,0
20019,'1492434',1451,,390,17,,,0
20019,'1492435',1531,,391,17,,,0
20019,'1492436',1611,,392,17,,,0
20019,'1492437',1651,,393,17,,,0
20019,'1492438',1731,,394,17,,,0
20019,'1492439',1811,,395,17,,,0
20019,'1492440',811,,396,17,,,0
20019,'1492441',851,,397,17,,,0
20019,'1492442',931,,398,17,,,0
20019,'1492443',1011,,399,17,,,0
20019,'1492444',1051,,400,17,,,0
20019,'1492445',1131,,401,17,,,0
20019,'1492446',1211,,402,17,,,0
20019,'1492447',1251,,403,17,,,0
20019,'1492448',1331,,404,17,,,0
20019,'1492449',1411,,405,17,,,0
20019,'1492450',1451,,406,17,,,0
20019,'1492451',1531,,407,17,,,0
20019,'1492452',1611,,408,17,,,0
20019,'1492453',1651,,409,17,,,0
20019,'1492454',1731,,410,17,,,0
20019,'1492455',1811,,411,17,,,0
