14019,'1489925',639,,209,13,,,0,64,,209,29,,,0
14019,'1489926',719,,210,13,,,0,24,,210,29,,,0
14019,'1489927',759,,211,13,,,0,64,,211,29,,,0
14019,'1489928',839,,212,13,,,0,64,,212,29,,,0
14019,'1489929',919,,213,13,,,0,24,,213,29,,,0
14019,'1489930',959,,214,13,,,0,64,,214,29,,,0
14019,'1489931',1039,,215,13,,,0,64,,215,29,,,0
14019,'1489932',1119,,216,13,,,0,24,,216,29,,,0
14019,'1489933',1159,,217,13,,,0,64,,217,29,,,0
14019,'1489934',1239,,218,13,,,0,64,,218,29,,,0
14019,'1489935',1319,,219,13,,,0,24,,219,29,,,0
14019,'1489936',1359,,220,13,,,0,64,,220,29,,,0
14019,'1489937',1439,,221,13,,,0,64,,221,29,,,0
14019,'1489938',1519,,222,13,,,0,24,,222,29,,,0
14019,'1489939',1559,,223,13,,,0,64,,223,29,,,0
14019,'1489940',1639,,224,13,,,0,64,,224,29,,,0
14019,'1489941',1719,,225,13,,,0,24,,225,29,,,0
14019,'1489942',1759,,226,13,,,0,64,,226,29,,,0
14019,'1489943',1839,,227,13,,,0,64,,227,29,,,0
14019,'1489944',1919,,228,13,,,0,24,,228,29,,,0
14019,'1489945',1959,,229,13,,,0,64,,229,29,,,0
14019,'1489946',2039,,230,13,,,0,64,,230,29,,,0
14019,'1489947',2119,,231,13,,,0,24,,231,29,,,0
14019,'1489948',2159,,232,13,,,0,64,,232,29,,,0
14019,'1489949',759,,233,13,,,0,64,,233,29,,,0
14019,'1489950',839,,234,13,,,0,64,,234,29,,,0
14019,'1489951',919,,235,13,,,0,24,,235,29,,,0
14019,'1489952',959,,236,13,,,0,64,,236,29,,,0
14019,'1489953',1039,,237,13,,,0,64,,237,29,,,0
14019,'1489954',1119,,238,13,,,0,24,,238,29,,,0
14019,'1489955',1159,,239,13,,,0,64,,239,29,,,0
14019,'1489956',1239,,240,13,,,0,64,,240,29,,,0
14019,'1489957',1319,,241,13,,,0,24,,241,29,,,0
14019,'1489958',1359,,242,13,,,0,64,,242,29,,,0
14019,'1489959',1439,,243,13,,,0,64,,243,29,,,0
14019,'1489960',1519,,244,13,,,0,24,,244,29,,,0
14019,'1489961',1559,,245,13,,,0,64,,245,29,,,0
14019,'1489962',1639,,246,13,,,0,64,,246,29,,,0
14019,'1489963',1719,,247,13,,,0,24,,247,29,,,0
14019,'1489964',1759,,248,13,,,0,64,,248,29,,,0
14019,'1489965',1839,,249,13,,,0,64,,249,29,,,0
14019,'1489966',1919,,250,13,,,0,24,,250,29,,,0
14019,'1489967',1959,,251,13,,,0,64,,251,29,,,0
14019,'1489968',2039,,252,13,,,0,64,,252,29,,,0
14019,'1489969',2119,,253,13,,,0,24,,253,29,,,0
14019,'1489970',2159,,254,13,,,0,64,,254,29,,,0
