14019,'1489925',632,,209,6,,,0
14019,'1489926',712,,210,6,,,0
14019,'1489927',752,,211,6,,,0
14019,'1489928',832,,212,6,,,0
14019,'1489929',912,,213,6,,,0
14019,'1489930',952,,214,6,,,0
14019,'1489931',1032,,215,6,,,0
14019,'1489932',1112,,216,6,,,0
14019,'1489933',1152,,217,6,,,0
14019,'1489934',1232,,218,6,,,0
14019,'1489935',1312,,219,6,,,0
14019,'1489936',1352,,220,6,,,0
14019,'1489937',1432,,221,6,,,0
14019,'1489938',1512,,222,6,,,0
14019,'1489939',1552,,223,6,,,0
14019,'1489940',1632,,224,6,,,0
14019,'1489941',1712,,225,6,,,0
14019,'1489942',1752,,226,6,,,0
14019,'1489943',1832,,227,6,,,0
14019,'1489944',1912,,228,6,,,0
14019,'1489945',1952,,229,6,,,0
14019,'1489946',2032,,230,6,,,0
14019,'1489947',2112,,231,6,,,0
14019,'1489948',2152,,232,6,,,0
14019,'1489949',752,,233,6,,,0
14019,'1489950',832,,234,6,,,0
14019,'1489951',912,,235,6,,,0
14019,'1489952',952,,236,6,,,0
14019,'1489953',1032,,237,6,,,0
14019,'1489954',1112,,238,6,,,0
14019,'1489955',1152,,239,6,,,0
14019,'1489956',1232,,240,6,,,0
14019,'1489957',1312,,241,6,,,0
14019,'1489958',1352,,242,6,,,0
14019,'1489959',1432,,243,6,,,0
14019,'1489960',1512,,244,6,,,0
14019,'1489961',1552,,245,6,,,0
14019,'1489962',1632,,246,6,,,0
14019,'1489963',1712,,247,6,,,0
14019,'1489964',1752,,248,6,,,0
14019,'1489965',1832,,249,6,,,0
14019,'1489966',1912,,250,6,,,0
14019,'1489967',1952,,251,6,,,0
14019,'1489968',2032,,252,6,,,0
14019,'1489969',2112,,253,6,,,0
14019,'1489970',2152,,254,6,,,0
