12019,'1490514',733,,172,28,0,12 13,0
12019,'1490515',833,,173,28,0,12 13,0
12019,'1490516',933,,174,28,0,12 13,0
12019,'1490517',1033,,175,28,0,12 13,0
12019,'1490533',1533,,176,28,0,12 13,0
12019,'1490534',1633,,177,28,0,12 13,0
12019,'1490535',1733,,178,28,0,12 13,0
12019,'1490536',1833,,179,28,0,12 13,0
12019,'1492410',1133,,180,28,0,12 13,0
12019,'1492411',1233,,181,28,0,12 13,0
12019,'1492465',1333,,182,28,0,12 13,0
12019,'1492466',1433,,183,28,0,12 13,0
12019,'1492505',733,,184,28,0,12 13,0
12019,'1492506',833,,185,28,0,12 13,0
12019,'1492507',1133,,186,28,0,12 13,0
12019,'1492508',1233,,187,28,0,12 13,0
12019,'1492509',1533,,188,28,0,12 13,0
12019,'1492510',1633,,189,28,0,12 13,0
12019,'1492511',833,,190,28,0,12 13,0
12019,'1492512',1133,,191,28,0,12 13,0
12019,'1492513',1233,,192,28,0,12 13,0
12019,'1492514',1533,,193,28,0,12 13,0
12019,'1492515',1633,,194,28,0,12 13,0
12019,'1492516',933,,195,28,0,12 13,0
12019,'1492517',1033,,196,28,0,12 13,0
12019,'1492518',1333,,197,28,0,12 13,0
12019,'1492519',1433,,198,28,0,12 13,0
12019,'1492520',1733,,199,28,0,12 13,0
12019,'1492521',1833,,200,28,0,12 13,0
12019,'1492522',933,,201,28,0,12 13,0
12019,'1492523',1033,,202,28,0,12 13,0
12019,'1492524',1333,,203,28,0,12 13,0
12019,'1492525',1433,,204,28,0,12 13,0
12019,'1492526',1733,,205,28,0,12 13,0
12019,'1492527',1833,,206,28,0,12 13,0
