20019,'1492422',700,,378,27,,,0
20019,'1492423',740,,379,27,,,0
20019,'1492424',820,,380,27,,,0
20019,'1492425',900,,381,27,,,0
20019,'1492426',940,,382,27,,,0
20019,'1492427',1020,,383,27,,,0
20019,'1492428',1100,,384,27,,,0
20019,'1492429',1140,,385,27,,,0
20019,'1492430',1220,,386,27,,,0
20019,'1492431',1300,,387,27,,,0
20019,'1492432',1340,,388,27,,,0
20019,'1492433',1420,,389,27,,,0
20019,'1492434',1500,,390,27,,,0
20019,'1492435',1540,,391,27,,,0
20019,'1492436',1620,,392,27,,,0
20019,'1492437',1700,,393,27,,,0
20019,'1492438',1740,,394,27,,,0
20019,'1492439',1820,,395,27,,,0
20019,'1492440',820,,396,27,,,0
20019,'1492441',900,,397,27,,,0
20019,'1492442',940,,398,27,,,0
20019,'1492443',1020,,399,27,,,0
20019,'1492444',1100,,400,27,,,0
20019,'1492445',1140,,401,27,,,0
20019,'1492446',1220,,402,27,,,0
20019,'1492447',1300,,403,27,,,0
20019,'1492448',1340,,404,27,,,0
20019,'1492449',1420,,405,27,,,0
20019,'1492450',1500,,406,27,,,0
20019,'1492451',1540,,407,27,,,0
20019,'1492452',1620,,408,27,,,0
20019,'1492453',1700,,409,27,,,0
20019,'1492454',1740,,410,27,,,0
20019,'1492455',1820,,411,27,,,0
