7019,'1489971',707,,113,32,0,7,0
7019,'1489972',747,,114,32,0,7,0
7019,'1489973',827,,115,32,0,7,0
7019,'1489974',907,,116,32,0,7,0
7019,'1489975',947,,117,32,0,7,0
7019,'1489976',1027,,118,32,0,7,0
7019,'1489983',1507,,119,32,0,7,0
7019,'1489984',1547,,120,32,0,7,0
7019,'1489985',1627,,121,32,0,7,0
7019,'1489986',1707,,122,32,0,7,0
7019,'1489987',1747,,123,32,0,7,0
7019,'1489988',1827,,124,32,0,7,0
7019,'1489995',827,,125,32,0,7,0
7019,'1489996',907,,126,32,0,7,0
7019,'1489997',947,,127,32,0,7,0
7019,'1489998',1027,,128,32,0,7,0
7019,'1489999',1107,,129,32,0,7,0
7019,'1490000',1147,,130,32,0,7,0
7019,'1490001',1227,,131,32,0,7,0
7019,'1490002',1307,,132,32,0,7,0
7019,'1490003',1347,,133,32,0,7,0
7019,'1490004',1427,,134,32,0,7,0
7019,'1490005',1507,,135,32,0,7,0
7019,'1490006',1547,,136,32,0,7,0
7019,'1490007',1627,,137,32,0,7,0
7019,'1490008',1707,,138,32,0,7,0
7019,'1490009',1747,,139,32,0,7,0
7019,'1490010',1827,,140,32,0,7,0
7019,'1492401',1307,,141,32,0,7,0
7019,'1492402',1347,,142,32,0,7,0
7019,'1492403',1427,,143,32,0,7,0
7019,'1492404',1707,,144,32,0,7,0
7019,'1492405',1747,,145,32,0,7,0
7019,'1492406',1827,,146,32,0,7,0
7019,'1492407',1307,,147,32,0,7,0
7019,'1492408',1347,,148,32,0,7,0
7019,'1492409',1427,,149,32,0,7,0
7019,'1492456',1107,,150,32,0,7,0
7019,'1492457',1147,,151,32,0,7,0
7019,'1492458',1227,,152,32,0,7,0
7019,'1492459',1507,,153,32,0,7,0
7019,'1492460',1547,,154,32,0,7,0
7019,'1492461',1627,,155,32,0,7,0
7019,'1492462',1107,,156,32,0,7,0
7019,'1492463',1147,,157,32,0,7,0
7019,'1492464',1227,,158,32,0,7,0
