14019,'1489925',630,,209,2,,,0
14019,'1489926',710,,210,2,,,0
14019,'1489927',750,,211,2,,,0
14019,'1489928',830,,212,2,,,0
14019,'1489929',910,,213,2,,,0
14019,'1489930',950,,214,2,,,0
14019,'1489931',1030,,215,2,,,0
14019,'1489932',1110,,216,2,,,0
14019,'1489933',1150,,217,2,,,0
14019,'1489934',1230,,218,2,,,0
14019,'1489935',1310,,219,2,,,0
14019,'1489936',1350,,220,2,,,0
14019,'1489937',1430,,221,2,,,0
14019,'1489938',1510,,222,2,,,0
14019,'1489939',1550,,223,2,,,0
14019,'1489940',1630,,224,2,,,0
14019,'1489941',1710,,225,2,,,0
14019,'1489942',1750,,226,2,,,0
14019,'1489943',1830,,227,2,,,0
14019,'1489944',1910,,228,2,,,0
14019,'1489945',1950,,229,2,,,0
14019,'1489946',2030,,230,2,,,0
14019,'1489947',2110,,231,2,,,0
14019,'1489948',2150,,232,2,,,0
14019,'1489949',750,,233,2,,,0
14019,'1489950',830,,234,2,,,0
14019,'1489951',910,,235,2,,,0
14019,'1489952',950,,236,2,,,0
14019,'1489953',1030,,237,2,,,0
14019,'1489954',1110,,238,2,,,0
14019,'1489955',1150,,239,2,,,0
14019,'1489956',1230,,240,2,,,0
14019,'1489957',1310,,241,2,,,0
14019,'1489958',1350,,242,2,,,0
14019,'1489959',1430,,243,2,,,0
14019,'1489960',1510,,244,2,,,0
14019,'1489961',1550,,245,2,,,0
14019,'1489962',1630,,246,2,,,0
14019,'1489963',1710,,247,2,,,0
14019,'1489964',1750,,248,2,,,0
14019,'1489965',1830,,249,2,,,0
14019,'1489966',1910,,250,2,,,0
14019,'1489967',1950,,251,2,,,0
14019,'1489968',2030,,252,2,,,0
14019,'1489969',2110,,253,2,,,0
14019,'1489970',2150,,254,2,,,0
