4019,'1489036',636,,65,7,,,0
4019,'1489037',716,,66,7,,,0
4019,'1489038',756,,67,7,,,0
4019,'1489039',836,,68,7,,,0
4019,'1489040',916,,69,7,,,0
4019,'1489041',956,,70,7,,,0
4019,'1489042',1036,,71,7,,,0
4019,'1489043',1116,,72,7,,,0
4019,'1489044',1156,,73,7,,,0
4019,'1489045',1236,,74,7,,,0
4019,'1489046',1316,,75,7,,,0
4019,'1489047',1356,,76,7,,,0
4019,'1489048',1436,,77,7,,,0
4019,'1489049',1516,,78,7,,,0
4019,'1489050',1556,,79,7,,,0
4019,'1489051',1636,,80,7,,,0
4019,'1489052',1716,,81,7,,,0
4019,'1489053',1756,,82,7,,,0
4019,'1489054',1836,,83,7,,,0
4019,'1489055',1916,,84,7,,,0
4019,'1489056',1956,,85,7,,,0
4019,'1489057',2036,,86,7,,,0
4019,'1489058',2116,,87,7,,,0
4019,'1489059',2156,,88,7,,,0
4019,'1489060',756,,89,7,,,0
4019,'1489061',836,,90,7,,,0
4019,'1489062',916,,91,7,,,0
4019,'1489063',956,,92,7,,,0
4019,'1489064',1036,,93,7,,,0
4019,'1489065',1116,,94,7,,,0
4019,'1489066',1156,,95,7,,,0
4019,'1489067',1236,,96,7,,,0
4019,'1489068',1316,,97,7,,,0
4019,'1489069',1356,,98,7,,,0
4019,'1489070',1436,,99,7,,,0
4019,'1489071',1516,,100,7,,,0
4019,'1489072',1556,,101,7,,,0
4019,'1489073',1636,,102,7,,,0
4019,'1489074',1716,,103,7,,,0
4019,'1489075',1756,,104,7,,,0
4019,'1489076',1836,,105,7,,,0
4019,'1489077',1916,,106,7,,,0
4019,'1489078',1956,,107,7,,,0
4019,'1489079',2036,,108,7,,,0
4019,'1489080',2116,,109,7,,,0
4019,'1489081',2156,,110,7,,,0
