14019,'1489925',638,,209,12,,,0,65,,209,28,,,0
14019,'1489926',718,,210,12,,,0,25,,210,28,,,0
14019,'1489927',758,,211,12,,,0,65,,211,28,,,0
14019,'1489928',838,,212,12,,,0,65,,212,28,,,0
14019,'1489929',918,,213,12,,,0,25,,213,28,,,0
14019,'1489930',958,,214,12,,,0,65,,214,28,,,0
14019,'1489931',1038,,215,12,,,0,65,,215,28,,,0
14019,'1489932',1118,,216,12,,,0,25,,216,28,,,0
14019,'1489933',1158,,217,12,,,0,65,,217,28,,,0
14019,'1489934',1238,,218,12,,,0,65,,218,28,,,0
14019,'1489935',1318,,219,12,,,0,25,,219,28,,,0
14019,'1489936',1358,,220,12,,,0,65,,220,28,,,0
14019,'1489937',1438,,221,12,,,0,65,,221,28,,,0
14019,'1489938',1518,,222,12,,,0,25,,222,28,,,0
14019,'1489939',1558,,223,12,,,0,65,,223,28,,,0
14019,'1489940',1638,,224,12,,,0,65,,224,28,,,0
14019,'1489941',1718,,225,12,,,0,25,,225,28,,,0
14019,'1489942',1758,,226,12,,,0,65,,226,28,,,0
14019,'1489943',1838,,227,12,,,0,65,,227,28,,,0
14019,'1489944',1918,,228,12,,,0,25,,228,28,,,0
14019,'1489945',1958,,229,12,,,0,65,,229,28,,,0
14019,'1489946',2038,,230,12,,,0,65,,230,28,,,0
14019,'1489947',2118,,231,12,,,0,25,,231,28,,,0
14019,'1489948',2158,,232,12,,,0,65,,232,28,,,0
14019,'1489949',758,,233,12,,,0,65,,233,28,,,0
14019,'1489950',838,,234,12,,,0,65,,234,28,,,0
14019,'1489951',918,,235,12,,,0,25,,235,28,,,0
14019,'1489952',958,,236,12,,,0,65,,236,28,,,0
14019,'1489953',1038,,237,12,,,0,65,,237,28,,,0
14019,'1489954',1118,,238,12,,,0,25,,238,28,,,0
14019,'1489955',1158,,239,12,,,0,65,,239,28,,,0
14019,'1489956',1238,,240,12,,,0,65,,240,28,,,0
14019,'1489957',1318,,241,12,,,0,25,,241,28,,,0
14019,'1489958',1358,,242,12,,,0,65,,242,28,,,0
14019,'1489959',1438,,243,12,,,0,65,,243,28,,,0
14019,'1489960',1518,,244,12,,,0,25,,244,28,,,0
14019,'1489961',1558,,245,12,,,0,65,,245,28,,,0
14019,'1489962',1638,,246,12,,,0,65,,246,28,,,0
14019,'1489963',1718,,247,12,,,0,25,,247,28,,,0
14019,'1489964',1758,,248,12,,,0,65,,248,28,,,0
14019,'1489965',1838,,249,12,,,0,65,,249,28,,,0
14019,'1489966',1918,,250,12,,,0,25,,250,28,,,0
14019,'1489967',1958,,251,12,,,0,65,,251,28,,,0
14019,'1489968',2038,,252,12,,,0,65,,252,28,,,0
14019,'1489969',2118,,253,12,,,0,25,,253,28,,,0
14019,'1489970',2158,,254,12,,,0,65,,254,28,,,0
