1019,'1481753',625,,1,4,0,6,0
1019,'1481754',745,,2,4,0,6,0
1019,'1482680',827,,3,34,0,18,0
1019,'1482681',907,,4,34,0,18,0
1019,'1482682',947,,5,34,0,18,0
1019,'1482683',1027,,6,34,0,18,0
1019,'1482684',1107,,7,34,0,18,0
1019,'1482685',1147,,8,34,0,18,0
1019,'1482686',1227,,9,34,0,18,0
1019,'1482687',1307,,10,34,0,18,0
1019,'1482688',1347,,11,34,0,18,0
1019,'1482689',1427,,12,34,0,18,0
1019,'1482690',1507,,13,34,0,18,0
1019,'1482691',1547,,14,34,0,18,0
1019,'1482692',1627,,15,34,0,18,0
1019,'1482693',1707,,16,34,0,18,0
1019,'1482694',1747,,17,34,0,18,0
1019,'1482695',1827,,18,34,0,18,0
1019,'1482696',1907,,19,34,0,18,0
1019,'1482697',1947,,20,34,0,18,0
1019,'1482698',2027,,21,34,0,18,0
1019,'1482699',2107,,22,34,0,18,0
1019,'1482700',2147,,23,34,0,18,0
1019,'1482701',2227,,24,34,0,18,0
1019,'1485865',706,,26,37,0,11,0
1019,'1485866',746,,27,37,0,11,0
1019,'1485867',826,,28,37,0,11,0
1019,'1485868',906,,29,37,0,11,0
1019,'1485869',946,,30,37,0,11,0
1019,'1485870',1026,,31,37,0,11,0
1019,'1485871',1106,,32,37,0,11,0
1019,'1485872',1146,,33,37,0,11,0
1019,'1485873',1226,,34,37,0,11,0
1019,'1485874',1306,,35,37,0,11,0
1019,'1485875',1346,,36,37,0,11,0
1019,'1485876',1426,,37,37,0,11,0
1019,'1485877',1506,,38,37,0,11,0
1019,'1485878',1546,,39,37,0,11,0
1019,'1485879',1626,,40,37,0,11,0
1019,'1485880',1706,,41,37,0,11,0
1019,'1485881',1746,,42,37,0,11,0
1019,'1485882',1826,,43,37,0,11,0
93019,'1487148',705,,431,4,,,0
901019,'1480871',624,,454,4,0,6,0
901019,'1480872',744,,455,4,0,6,0
902019,'1488258',646,,501,4,0,6,0
902019,'1488259',746,,502,4,0,6,0
