93019,'1492477',737,,432,24,,,0
93019,'1492478',837,,433,24,,,0
93019,'1492479',937,,434,24,,,0
93019,'1492480',1037,,435,24,,,0
93019,'1492481',1137,,436,24,,,0
93019,'1492482',1237,,437,24,,,0
93019,'1492483',1337,,438,24,,,0
93019,'1492484',1437,,439,24,,,0
93019,'1492485',1537,,440,24,,,0
93019,'1492486',1637,,441,24,,,0
93019,'1492487',1737,,442,24,,,0
93019,'1492557',736,,443,24,,,0
93019,'1492558',836,,444,24,,,0
93019,'1492559',936,,445,24,,,0
93019,'1492560',1036,,446,24,,,0
93019,'1492561',1136,,447,24,,,0
93019,'1492562',1236,,448,24,,,0
93019,'1492563',1336,,449,24,,,0
93019,'1492564',1436,,450,24,,,0
93019,'1492565',1536,,451,24,,,0
93019,'1492566',1636,,452,24,,,0
93019,'1492567',1736,,453,24,,,0
901019,'1489082',816,,456,24,0,6,0
901019,'1489083',936,,457,24,0,6,0
901019,'1489084',1056,,458,24,0,6,0
901019,'1489085',1216,,459,24,0,6,0
901019,'1489086',1336,,460,24,0,6,0
901019,'1489087',1456,,461,24,0,6,0
901019,'1489088',1616,,462,24,0,6,0
901019,'1489089',1736,,463,24,0,6,0
901019,'1489090',1856,,464,24,0,6,0
901019,'1489091',2016,,465,24,0,6,0
901019,'1489092',2136,,466,24,0,6,0
901019,'1489247',1857,,467,24,0,6,0
901019,'1489248',2017,,468,24,0,6,0
901019,'1489249',2137,,469,24,0,6,0
901019,'1489884',656,,470,24,0,6,0
901019,'1489885',756,,471,24,0,6,0
901019,'1489886',856,,472,24,0,6,0
901019,'1489887',956,,473,24,0,6,0
901019,'1489888',1056,,474,24,0,6,0
901019,'1489889',1156,,475,24,0,6,0
901019,'1489890',1256,,476,24,0,6,0
901019,'1489891',1356,,477,24,0,6,0
901019,'1489892',1456,,478,24,0,6,0
901019,'1489893',1556,,479,24,0,6,0
901019,'1489894',1656,,480,24,0,6,0
901019,'1489895',1756,,481,24,0,6,0
901019,'1492528',656,,482,24,0,6,0
901019,'1492529',756,,483,24,0,6,0
901019,'1492530',856,,484,24,0,6,0
901019,'1492531',956,,485,24,0,6,0
901019,'1492532',1056,,486,24,0,6,0
901019,'1492533',1156,,487,24,0,6,0
901019,'1492534',1256,,488,24,0,6,0
901019,'1492535',1356,,489,24,0,6,0
901019,'1492536',1456,,490,24,0,6,0
901019,'1492537',1556,,491,24,0,6,0
901019,'1492538',1656,,492,24,0,6,0
901019,'1492539',1756,,493,24,0,6,0
901019,'1492540',1856,,494,24,0,6,0
901019,'1492541',2016,,495,24,0,6,0
901019,'1492542',2136,,496,24,0,6,0
902019,'1488205',1936,,497,50,0,6,0
902019,'1488206',2056,,498,50,0,6,0
902019,'1488207',2216,,499,50,0,6,0
902019,'1488257',1816,,500,24,0,6,0
902019,'1489896',716,,503,24,0,6,0
902019,'1489897',816,,504,24,0,6,0
902019,'1489898',916,,505,24,0,6,0
902019,'1489899',1016,,506,24,0,6,0
902019,'1489900',1116,,507,24,0,6,0
902019,'1489901',1216,,508,24,0,6,0
902019,'1489902',1316,,509,24,0,6,0
902019,'1489903',1416,,510,24,0,6,0
902019,'1489904',1516,,511,24,0,6,0
902019,'1489905',1616,,512,24,0,6,0
902019,'1489906',1716,,513,24,0,6,0
902019,'1492543',1936,,514,50,0,6,0
902019,'1492544',2056,,515,50,0,6,0
902019,'1492545',2216,,516,50,0,6,0
902019,'1492546',856,,517,50,0,6,0
902019,'1492547',1016,,518,50,0,6,0
902019,'1492548',1136,,519,50,0,6,0
902019,'1492549',1256,,520,50,0,6,0
902019,'1492550',1416,,521,50,0,6,0
902019,'1492551',1536,,522,50,0,6,0
902019,'1492552',1656,,523,50,0,6,0
902019,'1492553',1816,,524,50,0,6,0
902019,'1492554',1936,,525,50,0,6,0
902019,'1492555',2056,,526,50,0,6,0
902019,'1492556',2216,,527,50,0,6,0
