7019,'1489971',657,,113,23,0,7,0
7019,'1489972',737,,114,23,0,7,0
7019,'1489973',817,,115,23,0,7,0
7019,'1489974',857,,116,23,0,7,0
7019,'1489975',937,,117,23,0,7,0
7019,'1489976',1017,,118,23,0,7,0
7019,'1489983',1457,,119,23,0,7,0
7019,'1489984',1537,,120,23,0,7,0
7019,'1489985',1617,,121,23,0,7,0
7019,'1489986',1657,,122,23,0,7,0
7019,'1489987',1737,,123,23,0,7,0
7019,'1489988',1817,,124,23,0,7,0
7019,'1489995',817,,125,23,0,7,0
7019,'1489996',857,,126,23,0,7,0
7019,'1489997',937,,127,23,0,7,0
7019,'1489998',1017,,128,23,0,7,0
7019,'1489999',1057,,129,23,0,7,0
7019,'1490000',1137,,130,23,0,7,0
7019,'1490001',1217,,131,23,0,7,0
7019,'1490002',1257,,132,23,0,7,0
7019,'1490003',1337,,133,23,0,7,0
7019,'1490004',1417,,134,23,0,7,0
7019,'1490005',1457,,135,23,0,7,0
7019,'1490006',1537,,136,23,0,7,0
7019,'1490007',1617,,137,23,0,7,0
7019,'1490008',1657,,138,23,0,7,0
7019,'1490009',1737,,139,23,0,7,0
7019,'1490010',1817,,140,23,0,7,0
7019,'1492401',1257,,141,23,0,7,0
7019,'1492402',1337,,142,23,0,7,0
7019,'1492403',1417,,143,23,0,7,0
7019,'1492404',1657,,144,23,0,7,0
7019,'1492405',1737,,145,23,0,7,0
7019,'1492406',1817,,146,23,0,7,0
7019,'1492407',1257,,147,23,0,7,0
7019,'1492408',1337,,148,23,0,7,0
7019,'1492409',1417,,149,23,0,7,0
7019,'1492456',1057,,150,23,0,7,0
7019,'1492457',1137,,151,23,0,7,0
7019,'1492458',1217,,152,23,0,7,0
7019,'1492459',1457,,153,23,0,7,0
7019,'1492460',1537,,154,23,0,7,0
7019,'1492461',1617,,155,23,0,7,0
7019,'1492462',1057,,156,23,0,7,0
7019,'1492463',1137,,157,23,0,7,0
7019,'1492464',1217,,158,23,0,7,0
