4019,'1489036',634,,65,6,,,0
4019,'1489037',714,,66,6,,,0
4019,'1489038',754,,67,6,,,0
4019,'1489039',834,,68,6,,,0
4019,'1489040',914,,69,6,,,0
4019,'1489041',954,,70,6,,,0
4019,'1489042',1034,,71,6,,,0
4019,'1489043',1114,,72,6,,,0
4019,'1489044',1154,,73,6,,,0
4019,'1489045',1234,,74,6,,,0
4019,'1489046',1314,,75,6,,,0
4019,'1489047',1354,,76,6,,,0
4019,'1489048',1434,,77,6,,,0
4019,'1489049',1514,,78,6,,,0
4019,'1489050',1554,,79,6,,,0
4019,'1489051',1634,,80,6,,,0
4019,'1489052',1714,,81,6,,,0
4019,'1489053',1754,,82,6,,,0
4019,'1489054',1834,,83,6,,,0
4019,'1489055',1914,,84,6,,,0
4019,'1489056',1954,,85,6,,,0
4019,'1489057',2034,,86,6,,,0
4019,'1489058',2114,,87,6,,,0
4019,'1489059',2154,,88,6,,,0
4019,'1489060',754,,89,6,,,0
4019,'1489061',834,,90,6,,,0
4019,'1489062',914,,91,6,,,0
4019,'1489063',954,,92,6,,,0
4019,'1489064',1034,,93,6,,,0
4019,'1489065',1114,,94,6,,,0
4019,'1489066',1154,,95,6,,,0
4019,'1489067',1234,,96,6,,,0
4019,'1489068',1314,,97,6,,,0
4019,'1489069',1354,,98,6,,,0
4019,'1489070',1434,,99,6,,,0
4019,'1489071',1514,,100,6,,,0
4019,'1489072',1554,,101,6,,,0
4019,'1489073',1634,,102,6,,,0
4019,'1489074',1714,,103,6,,,0
4019,'1489075',1754,,104,6,,,0
4019,'1489076',1834,,105,6,,,0
4019,'1489077',1914,,106,6,,,0
4019,'1489078',1954,,107,6,,,0
4019,'1489079',2034,,108,6,,,0
4019,'1489080',2114,,109,6,,,0
4019,'1489081',2154,,110,6,,,0
