7019,'1489971',642,,113,6,0,7,0
7019,'1489972',722,,114,6,0,7,0
7019,'1489973',802,,115,6,0,7,0
7019,'1489974',842,,116,6,0,7,0
7019,'1489975',922,,117,6,0,7,0
7019,'1489976',1002,,118,6,0,7,0
7019,'1489983',1442,,119,6,0,7,0
7019,'1489984',1522,,120,6,0,7,0
7019,'1489985',1602,,121,6,0,7,0
7019,'1489986',1642,,122,6,0,7,0
7019,'1489987',1722,,123,6,0,7,0
7019,'1489988',1802,,124,6,0,7,0
7019,'1489995',802,,125,6,0,7,0
7019,'1489996',842,,126,6,0,7,0
7019,'1489997',922,,127,6,0,7,0
7019,'1489998',1002,,128,6,0,7,0
7019,'1489999',1042,,129,6,0,7,0
7019,'1490000',1122,,130,6,0,7,0
7019,'1490001',1202,,131,6,0,7,0
7019,'1490002',1242,,132,6,0,7,0
7019,'1490003',1322,,133,6,0,7,0
7019,'1490004',1402,,134,6,0,7,0
7019,'1490005',1442,,135,6,0,7,0
7019,'1490006',1522,,136,6,0,7,0
7019,'1490007',1602,,137,6,0,7,0
7019,'1490008',1642,,138,6,0,7,0
7019,'1490009',1722,,139,6,0,7,0
7019,'1490010',1802,,140,6,0,7,0
7019,'1492401',1242,,141,6,0,7,0
7019,'1492402',1322,,142,6,0,7,0
7019,'1492403',1402,,143,6,0,7,0
7019,'1492404',1642,,144,6,0,7,0
7019,'1492405',1722,,145,6,0,7,0
7019,'1492406',1802,,146,6,0,7,0
7019,'1492407',1242,,147,6,0,7,0
7019,'1492408',1322,,148,6,0,7,0
7019,'1492409',1402,,149,6,0,7,0
7019,'1492456',1042,,150,6,0,7,0
7019,'1492457',1122,,151,6,0,7,0
7019,'1492458',1202,,152,6,0,7,0
7019,'1492459',1442,,153,6,0,7,0
7019,'1492460',1522,,154,6,0,7,0
7019,'1492461',1602,,155,6,0,7,0
7019,'1492462',1042,,156,6,0,7,0
7019,'1492463',1122,,157,6,0,7,0
7019,'1492464',1202,,158,6,0,7,0
