19019,'1489098',643,,308,12,,,0
19019,'1489099',723,,309,12,,,0
19019,'1489100',803,,310,12,,,0
19019,'1489101',843,,311,12,,,0
19019,'1489102',923,,312,12,,,0
19019,'1489103',1003,,313,12,,,0
19019,'1489104',1043,,314,12,,,0
19019,'1489105',1123,,315,12,,,0
19019,'1489106',1203,,316,12,,,0
19019,'1489107',1243,,317,12,,,0
19019,'1489108',1323,,318,12,,,0
19019,'1489109',1403,,319,12,,,0
19019,'1489110',1443,,320,12,,,0
19019,'1489111',1523,,321,12,,,0
19019,'1489112',1603,,322,12,,,0
19019,'1489113',1643,,323,12,,,0
19019,'1489114',1723,,324,12,,,0
19019,'1489115',1803,,325,12,,,0
19019,'1489116',703,,326,12,,,0
19019,'1489117',743,,327,12,,,0
19019,'1489118',823,,328,12,,,0
19019,'1489119',903,,329,12,,,0
19019,'1489120',943,,330,12,,,0
19019,'1489121',1023,,331,12,,,0
19019,'1489122',1103,,332,12,,,0
19019,'1489123',1143,,333,12,,,0
19019,'1489124',1223,,334,12,,,0
19019,'1489125',1303,,335,12,,,0
19019,'1489126',1343,,336,12,,,0
19019,'1489127',1423,,337,12,,,0
19019,'1489128',1503,,338,12,,,0
19019,'1489129',1543,,339,12,,,0
19019,'1489130',1623,,340,12,,,0
19019,'1489131',1703,,341,12,,,0
19019,'1489132',1743,,342,12,,,0
901019,'1489082',843,,456,44,0,16 17,0
901019,'1489083',1003,,457,44,0,16 17,0
901019,'1489084',1123,,458,44,0,16 17,0
901019,'1489085',1243,,459,44,0,16 17,0
901019,'1489086',1403,,460,44,0,16 17,0
901019,'1489087',1523,,461,44,0,16 17,0
901019,'1489088',1643,,462,44,0,16 17,0
901019,'1489089',1803,,463,44,0,16 17,0
901019,'1489090',1923,,464,44,0,16 17,0
901019,'1489091',2043,,465,44,0,16 17,0
901019,'1489092',2203,,466,44,0,16 17,0
901019,'1492540',1923,,494,44,0,16 17,0
901019,'1492541',2043,,495,44,0,16 17,0
901019,'1492542',2203,,496,44,0,16 17,0
902019,'1492543',1843,,514,12,0,16 17,0
902019,'1492544',2003,,515,12,0,16 17,0
902019,'1492545',2123,,516,12,0,16 17,0
902019,'1492546',803,,517,12,0,16 17,0
902019,'1492547',923,,518,12,0,16 17,0
902019,'1492548',1043,,519,12,0,16 17,0
902019,'1492549',1203,,520,12,0,16 17,0
902019,'1492550',1323,,521,12,0,16 17,0
902019,'1492551',1443,,522,12,0,16 17,0
902019,'1492552',1603,,523,12,0,16 17,0
902019,'1492553',1723,,524,12,0,16 17,0
902019,'1492554',1843,,525,12,0,16 17,0
902019,'1492555',2003,,526,12,0,16 17,0
902019,'1492556',2123,,527,12,0,16 17,0
30000019,'1486494',933,,528,11,,,0
30000019,'1486495',1033,,529,11,,,0
30000019,'1486496',1133,,530,11,,,0
30000019,'1486497',1233,,531,11,,,0
30000019,'1486498',1333,,532,11,,,0
30000019,'1486499',1433,,533,11,,,0
30000019,'1486500',1533,,534,11,,,0
30000019,'1486501',1633,,535,11,,,0
