2019,'1486350',633,,45,6,,,0
2019,'1486351',713,,46,6,,,0
2019,'1486352',753,,47,6,,,0
2019,'1486353',833,,48,6,,,0
2019,'1486354',913,,49,6,,,0
2019,'1486355',953,,50,6,,,0
2019,'1486356',1033,,51,6,,,0
2019,'1486357',1113,,52,6,,,0
2019,'1486358',1153,,53,6,,,0
2019,'1486359',1233,,54,6,,,0
2019,'1486360',1313,,55,6,,,0
2019,'1486361',1353,,56,6,,,0
2019,'1486362',1433,,57,6,,,0
2019,'1486363',1513,,58,6,,,0
2019,'1486364',1553,,59,6,,,0
2019,'1486365',1633,,60,6,,,0
2019,'1486366',1713,,61,6,,,0
2019,'1486958',1753,,62,6,,,0
