1019,'1483501',744,,25,1,0,18,0
2019,'1486350',639,,45,13,,,0
2019,'1486351',719,,46,13,,,0
2019,'1486352',759,,47,13,,,0
2019,'1486353',839,,48,13,,,0
2019,'1486354',919,,49,13,,,0
2019,'1486355',959,,50,13,,,0
2019,'1486356',1039,,51,13,,,0
2019,'1486357',1119,,52,13,,,0
2019,'1486358',1159,,53,13,,,0
2019,'1486359',1239,,54,13,,,0
2019,'1486360',1319,,55,13,,,0
2019,'1486361',1359,,56,13,,,0
2019,'1486362',1439,,57,13,,,0
2019,'1486363',1519,,58,13,,,0
2019,'1486364',1559,,59,13,,,0
2019,'1486365',1639,,60,13,,,0
2019,'1486366',1719,,61,13,,,0
2019,'1486958',1759,,62,13,,,0
30000019,'1486494',922,,528,6,,,0
30000019,'1486495',1022,,529,6,,,0
30000019,'1486496',1122,,530,6,,,0
30000019,'1486497',1222,,531,6,,,0
30000019,'1486498',1322,,532,6,,,0
30000019,'1486499',1422,,533,6,,,0
30000019,'1486500',1522,,534,6,,,0
30000019,'1486501',1622,,535,6,,,0
