1019,'1482680',810,,3,18,0,11,0
1019,'1482681',850,,4,18,0,11,0
1019,'1482682',930,,5,18,0,11,0
1019,'1482683',1010,,6,18,0,11,0
1019,'1482684',1050,,7,18,0,11,0
1019,'1482685',1130,,8,18,0,11,0
1019,'1482686',1210,,9,18,0,11,0
1019,'1482687',1250,,10,18,0,11,0
1019,'1482688',1330,,11,18,0,11,0
1019,'1482689',1410,,12,18,0,11,0
1019,'1482690',1450,,13,18,0,11,0
1019,'1482691',1530,,14,18,0,11,0
1019,'1482692',1610,,15,18,0,11,0
1019,'1482693',1650,,16,18,0,11,0
1019,'1482694',1730,,17,18,0,11,0
1019,'1482695',1810,,18,18,0,11,0
1019,'1482696',1850,,19,18,0,11,0
1019,'1482697',1930,,20,18,0,11,0
1019,'1482698',2010,,21,18,0,11,0
1019,'1482699',2050,,22,18,0,11,0
1019,'1482700',2130,,23,18,0,11,0
1019,'1482701',2210,,24,18,0,11,0
1019,'1485865',650,,26,21,0,11,0
1019,'1485866',730,,27,21,0,11,0
1019,'1485867',810,,28,21,0,11,0
1019,'1485868',850,,29,21,0,11,0
1019,'1485869',930,,30,21,0,11,0
1019,'1485870',1010,,31,21,0,11,0
1019,'1485871',1050,,32,21,0,11,0
1019,'1485872',1130,,33,21,0,11,0
1019,'1485873',1210,,34,21,0,11,0
1019,'1485874',1250,,35,21,0,11,0
1019,'1485875',1330,,36,21,0,11,0
1019,'1485876',1410,,37,21,0,11,0
1019,'1485877',1450,,38,21,0,11,0
1019,'1485878',1530,,39,21,0,11,0
1019,'1485879',1610,,40,21,0,11,0
1019,'1485880',1650,,41,21,0,11,0
1019,'1485881',1730,,42,21,0,11,0
1019,'1485882',1810,,43,21,0,11,0
2019,'1486350',630,,45,2,,,0
2019,'1486351',710,,46,2,,,0
2019,'1486352',750,,47,2,,,0
2019,'1486353',830,,48,2,,,0
2019,'1486354',910,,49,2,,,0
2019,'1486355',950,,50,2,,,0
2019,'1486356',1030,,51,2,,,0
2019,'1486357',1110,,52,2,,,0
2019,'1486358',1150,,53,2,,,0
2019,'1486359',1230,,54,2,,,0
2019,'1486360',1310,,55,2,,,0
2019,'1486361',1350,,56,2,,,0
2019,'1486362',1430,,57,2,,,0
2019,'1486363',1510,,58,2,,,0
2019,'1486364',1550,,59,2,,,0
2019,'1486365',1630,,60,2,,,0
2019,'1486366',1710,,61,2,,,0
2019,'1486958',1750,,62,2,,,0
10019,'1486951',650,,163,2,,,0
10019,'1486952',710,,164,2,,,0
10019,'1486953',730,,165,2,,,0
10019,'1486954',1530,,166,2,,,0
10019,'1486955',1550,,167,2,,,0
10019,'1486956',1610,,168,2,,,0
10019,'1486957',1630,,169,2,,,0
