1019,'1485865',640,,26,10,0,11,0
1019,'1485866',720,,27,10,0,11,0
1019,'1485867',800,,28,10,0,11,0
1019,'1485868',840,,29,10,0,11,0
1019,'1485869',920,,30,10,0,11,0
1019,'1485870',1000,,31,10,0,11,0
1019,'1485871',1040,,32,10,0,11,0
1019,'1485872',1120,,33,10,0,11,0
1019,'1485873',1200,,34,10,0,11,0
1019,'1485874',1240,,35,10,0,11,0
1019,'1485875',1320,,36,10,0,11,0
1019,'1485876',1400,,37,10,0,11,0
1019,'1485877',1440,,38,10,0,11,0
1019,'1485878',1520,,39,10,0,11,0
1019,'1485879',1600,,40,10,0,11,0
1019,'1485880',1640,,41,10,0,11,0
1019,'1485881',1720,,42,10,0,11,0
1019,'1485882',1800,,43,10,0,11,0
10019,'1483448',640,,161,5,0,5,0
10019,'1483449',1520,,162,5,0,5,0
