7019,'1489971',715,,113,39,0,7,0
7019,'1489972',755,,114,39,0,7,0
7019,'1489973',835,,115,39,0,7,0
7019,'1489974',915,,116,39,0,7,0
7019,'1489975',955,,117,39,0,7,0
7019,'1489976',1035,,118,39,0,7,0
7019,'1489983',1515,,119,39,0,7,0
7019,'1489984',1555,,120,39,0,7,0
7019,'1489985',1635,,121,39,0,7,0
7019,'1489986',1715,,122,39,0,7,0
7019,'1489987',1755,,123,39,0,7,0
7019,'1489988',1835,,124,39,0,7,0
7019,'1489995',835,,125,39,0,7,0
7019,'1489996',915,,126,39,0,7,0
7019,'1489997',955,,127,39,0,7,0
7019,'1489998',1035,,128,39,0,7,0
7019,'1489999',1115,,129,39,0,7,0
7019,'1490000',1155,,130,39,0,7,0
7019,'1490001',1235,,131,39,0,7,0
7019,'1490002',1315,,132,39,0,7,0
7019,'1490003',1355,,133,39,0,7,0
7019,'1490004',1435,,134,39,0,7,0
7019,'1490005',1515,,135,39,0,7,0
7019,'1490006',1555,,136,39,0,7,0
7019,'1490007',1635,,137,39,0,7,0
7019,'1490008',1715,,138,39,0,7,0
7019,'1490009',1755,,139,39,0,7,0
7019,'1490010',1835,,140,39,0,7,0
7019,'1492401',1315,,141,39,0,7,0
7019,'1492402',1355,,142,39,0,7,0
7019,'1492403',1435,,143,39,0,7,0
7019,'1492404',1715,,144,39,0,7,0
7019,'1492405',1755,,145,39,0,7,0
7019,'1492406',1835,,146,39,0,7,0
7019,'1492407',1315,,147,39,0,7,0
7019,'1492408',1355,,148,39,0,7,0
7019,'1492409',1435,,149,39,0,7,0
7019,'1492456',1115,,150,39,0,7,0
7019,'1492457',1155,,151,39,0,7,0
7019,'1492458',1235,,152,39,0,7,0
7019,'1492459',1515,,153,39,0,7,0
7019,'1492460',1555,,154,39,0,7,0
7019,'1492461',1635,,155,39,0,7,0
7019,'1492462',1115,,156,39,0,7,0
7019,'1492463',1155,,157,39,0,7,0
7019,'1492464',1235,,158,39,0,7,0
12019,'1490514',736,,172,31,0,12 13,0
12019,'1490515',836,,173,31,0,12 13,0
12019,'1490516',936,,174,31,0,12 13,0
12019,'1490517',1036,,175,31,0,12 13,0
12019,'1490533',1536,,176,31,0,12 13,0
12019,'1490534',1636,,177,31,0,12 13,0
12019,'1490535',1736,,178,31,0,12 13,0
12019,'1490536',1836,,179,31,0,12 13,0
12019,'1492410',1136,,180,31,0,12 13,0
12019,'1492411',1236,,181,31,0,12 13,0
12019,'1492465',1336,,182,31,0,12 13,0
12019,'1492466',1436,,183,31,0,12 13,0
12019,'1492505',736,,184,31,0,12 13,0
12019,'1492506',836,,185,31,0,12 13,0
12019,'1492507',1136,,186,31,0,12 13,0
12019,'1492508',1236,,187,31,0,12 13,0
12019,'1492509',1536,,188,31,0,12 13,0
12019,'1492510',1636,,189,31,0,12 13,0
12019,'1492511',836,,190,31,0,12 13,0
12019,'1492512',1136,,191,31,0,12 13,0
12019,'1492513',1236,,192,31,0,12 13,0
12019,'1492514',1536,,193,31,0,12 13,0
12019,'1492515',1636,,194,31,0,12 13,0
12019,'1492516',936,,195,31,0,12 13,0
12019,'1492517',1036,,196,31,0,12 13,0
12019,'1492518',1336,,197,31,0,12 13,0
12019,'1492519',1436,,198,31,0,12 13,0
12019,'1492520',1736,,199,31,0,12 13,0
12019,'1492521',1836,,200,31,0,12 13,0
12019,'1492522',936,,201,31,0,12 13,0
12019,'1492523',1036,,202,31,0,12 13,0
12019,'1492524',1336,,203,31,0,12 13,0
12019,'1492525',1436,,204,31,0,12 13,0
12019,'1492526',1736,,205,31,0,12 13,0
12019,'1492527',1836,,206,31,0,12 13,0
