14019,'1489925',638,,209,11,,,0,65,,209,27,,,0
14019,'1489926',718,,210,11,,,0,25,,210,27,,,0
14019,'1489927',758,,211,11,,,0,65,,211,27,,,0
14019,'1489928',838,,212,11,,,0,65,,212,27,,,0
14019,'1489929',918,,213,11,,,0,25,,213,27,,,0
14019,'1489930',958,,214,11,,,0,65,,214,27,,,0
14019,'1489931',1038,,215,11,,,0,65,,215,27,,,0
14019,'1489932',1118,,216,11,,,0,25,,216,27,,,0
14019,'1489933',1158,,217,11,,,0,65,,217,27,,,0
14019,'1489934',1238,,218,11,,,0,65,,218,27,,,0
14019,'1489935',1318,,219,11,,,0,25,,219,27,,,0
14019,'1489936',1358,,220,11,,,0,65,,220,27,,,0
14019,'1489937',1438,,221,11,,,0,65,,221,27,,,0
14019,'1489938',1518,,222,11,,,0,25,,222,27,,,0
14019,'1489939',1558,,223,11,,,0,65,,223,27,,,0
14019,'1489940',1638,,224,11,,,0,65,,224,27,,,0
14019,'1489941',1718,,225,11,,,0,25,,225,27,,,0
14019,'1489942',1758,,226,11,,,0,65,,226,27,,,0
14019,'1489943',1838,,227,11,,,0,65,,227,27,,,0
14019,'1489944',1918,,228,11,,,0,25,,228,27,,,0
14019,'1489945',1958,,229,11,,,0,65,,229,27,,,0
14019,'1489946',2038,,230,11,,,0,65,,230,27,,,0
14019,'1489947',2118,,231,11,,,0,25,,231,27,,,0
14019,'1489948',2158,,232,11,,,0,65,,232,27,,,0
14019,'1489949',758,,233,11,,,0,65,,233,27,,,0
14019,'1489950',838,,234,11,,,0,65,,234,27,,,0
14019,'1489951',918,,235,11,,,0,25,,235,27,,,0
14019,'1489952',958,,236,11,,,0,65,,236,27,,,0
14019,'1489953',1038,,237,11,,,0,65,,237,27,,,0
14019,'1489954',1118,,238,11,,,0,25,,238,27,,,0
14019,'1489955',1158,,239,11,,,0,65,,239,27,,,0
14019,'1489956',1238,,240,11,,,0,65,,240,27,,,0
14019,'1489957',1318,,241,11,,,0,25,,241,27,,,0
14019,'1489958',1358,,242,11,,,0,65,,242,27,,,0
14019,'1489959',1438,,243,11,,,0,65,,243,27,,,0
14019,'1489960',1518,,244,11,,,0,25,,244,27,,,0
14019,'1489961',1558,,245,11,,,0,65,,245,27,,,0
14019,'1489962',1638,,246,11,,,0,65,,246,27,,,0
14019,'1489963',1718,,247,11,,,0,25,,247,27,,,0
14019,'1489964',1758,,248,11,,,0,65,,248,27,,,0
14019,'1489965',1838,,249,11,,,0,65,,249,27,,,0
14019,'1489966',1918,,250,11,,,0,25,,250,27,,,0
14019,'1489967',1958,,251,11,,,0,65,,251,27,,,0
14019,'1489968',2038,,252,11,,,0,65,,252,27,,,0
14019,'1489969',2118,,253,11,,,0,25,,253,27,,,0
14019,'1489970',2158,,254,11,,,0,65,,254,27,,,0
