2019,'1486350',635,,45,10,,,0
2019,'1486351',715,,46,10,,,0
2019,'1486352',755,,47,10,,,0
2019,'1486353',835,,48,10,,,0
2019,'1486354',915,,49,10,,,0
2019,'1486355',955,,50,10,,,0
2019,'1486356',1035,,51,10,,,0
2019,'1486357',1115,,52,10,,,0
2019,'1486358',1155,,53,10,,,0
2019,'1486359',1235,,54,10,,,0
2019,'1486360',1315,,55,10,,,0
2019,'1486361',1355,,56,10,,,0
2019,'1486362',1435,,57,10,,,0
2019,'1486363',1515,,58,10,,,0
2019,'1486364',1555,,59,10,,,0
2019,'1486365',1635,,60,10,,,0
2019,'1486366',1715,,61,10,,,0
2019,'1486958',1755,,62,10,,,0
