14019,'1489925',658,,209,24,,,0
14019,'1489926',738,,210,24,,,0
14019,'1489927',818,,211,24,,,0
14019,'1489928',858,,212,24,,,0
14019,'1489929',938,,213,24,,,0
14019,'1489930',1018,,214,24,,,0
14019,'1489931',1058,,215,24,,,0
14019,'1489932',1138,,216,24,,,0
14019,'1489933',1218,,217,24,,,0
14019,'1489934',1258,,218,24,,,0
14019,'1489935',1338,,219,24,,,0
14019,'1489936',1418,,220,24,,,0
14019,'1489937',1458,,221,24,,,0
14019,'1489938',1538,,222,24,,,0
14019,'1489939',1618,,223,24,,,0
14019,'1489940',1658,,224,24,,,0
14019,'1489941',1738,,225,24,,,0
14019,'1489942',1818,,226,24,,,0
14019,'1489943',1858,,227,24,,,0
14019,'1489944',1938,,228,24,,,0
14019,'1489945',2018,,229,24,,,0
14019,'1489946',2058,,230,24,,,0
14019,'1489947',2138,,231,24,,,0
14019,'1489948',2218,,232,24,,,0
14019,'1489949',818,,233,24,,,0
14019,'1489950',858,,234,24,,,0
14019,'1489951',938,,235,24,,,0
14019,'1489952',1018,,236,24,,,0
14019,'1489953',1058,,237,24,,,0
14019,'1489954',1138,,238,24,,,0
14019,'1489955',1218,,239,24,,,0
14019,'1489956',1258,,240,24,,,0
14019,'1489957',1338,,241,24,,,0
14019,'1489958',1418,,242,24,,,0
14019,'1489959',1458,,243,24,,,0
14019,'1489960',1538,,244,24,,,0
14019,'1489961',1618,,245,24,,,0
14019,'1489962',1658,,246,24,,,0
14019,'1489963',1738,,247,24,,,0
14019,'1489964',1818,,248,24,,,0
14019,'1489965',1858,,249,24,,,0
14019,'1489966',1938,,250,24,,,0
14019,'1489967',2018,,251,24,,,0
14019,'1489968',2058,,252,24,,,0
14019,'1489969',2138,,253,24,,,0
14019,'1489970',2218,,254,24,,,0
15019,'1484063',716,,257,51,,,0
15019,'1484064',816,,258,51,,,0
15019,'1484065',916,,259,51,,,0
15019,'1484066',1016,,260,51,,,0
15019,'1484067',1116,,261,51,,,0
15019,'1484068',1216,,262,51,,,0
15019,'1484069',1316,,263,51,,,0
15019,'1484070',1416,,264,51,,,0
15019,'1484071',1516,,265,51,,,0
15019,'1484072',1616,,266,51,,,0
15019,'1484073',1716,,267,51,,,0
15019,'1484074',1816,,268,51,,,0
15019,'1489344',1916,,269,51,,,0
15019,'1489345',2016,,270,51,,,0
15019,'1489346',2116,,271,51,,,0
15019,'1489347',2216,,272,51,,,0
15019,'1489348',916,,273,51,,,0
15019,'1489349',1016,,274,51,,,0
15019,'1489350',1116,,275,51,,,0
15019,'1489351',1216,,276,51,,,0
15019,'1489352',1316,,277,51,,,0
15019,'1489353',1416,,278,51,,,0
15019,'1489354',1516,,279,51,,,0
15019,'1489355',1616,,280,51,,,0
15019,'1489356',1716,,281,51,,,0
15019,'1489357',1816,,282,51,,,0
15019,'1489358',1916,,283,51,,,0
15019,'1489359',2016,,284,51,,,0
15019,'1489360',2116,,285,51,,,0
15019,'1489361',2216,,286,51,,,0
