4019,'1489036',644,,65,14,,,0
4019,'1489037',724,,66,14,,,0
4019,'1489038',804,,67,14,,,0
4019,'1489039',844,,68,14,,,0
4019,'1489040',924,,69,14,,,0
4019,'1489041',1004,,70,14,,,0
4019,'1489042',1044,,71,14,,,0
4019,'1489043',1124,,72,14,,,0
4019,'1489044',1204,,73,14,,,0
4019,'1489045',1244,,74,14,,,0
4019,'1489046',1324,,75,14,,,0
4019,'1489047',1404,,76,14,,,0
4019,'1489048',1444,,77,14,,,0
4019,'1489049',1524,,78,14,,,0
4019,'1489050',1604,,79,14,,,0
4019,'1489051',1644,,80,14,,,0
4019,'1489052',1724,,81,14,,,0
4019,'1489053',1804,,82,14,,,0
4019,'1489054',1844,,83,14,,,0
4019,'1489055',1924,,84,14,,,0
4019,'1489056',2004,,85,14,,,0
4019,'1489057',2044,,86,14,,,0
4019,'1489058',2124,,87,14,,,0
4019,'1489059',2204,,88,14,,,0
4019,'1489060',804,,89,14,,,0
4019,'1489061',844,,90,14,,,0
4019,'1489062',924,,91,14,,,0
4019,'1489063',1004,,92,14,,,0
4019,'1489064',1044,,93,14,,,0
4019,'1489065',1124,,94,14,,,0
4019,'1489066',1204,,95,14,,,0
4019,'1489067',1244,,96,14,,,0
4019,'1489068',1324,,97,14,,,0
4019,'1489069',1404,,98,14,,,0
4019,'1489070',1444,,99,14,,,0
4019,'1489071',1524,,100,14,,,0
4019,'1489072',1604,,101,14,,,0
4019,'1489073',1644,,102,14,,,0
4019,'1489074',1724,,103,14,,,0
4019,'1489075',1804,,104,14,,,0
4019,'1489076',1844,,105,14,,,0
4019,'1489077',1924,,106,14,,,0
4019,'1489078',2004,,107,14,,,0
4019,'1489079',2044,,108,14,,,0
4019,'1489080',2124,,109,14,,,0
4019,'1489081',2204,,110,14,,,0
