1019,'1483501',745,,25,5,0,18,0
2019,'1486350',641,,45,17,,,0
2019,'1486351',721,,46,17,,,0
2019,'1486352',801,,47,17,,,0
2019,'1486353',841,,48,17,,,0
2019,'1486354',921,,49,17,,,0
2019,'1486355',1001,,50,17,,,0
2019,'1486356',1041,,51,17,,,0
2019,'1486357',1121,,52,17,,,0
2019,'1486358',1201,,53,17,,,0
2019,'1486359',1241,,54,17,,,0
2019,'1486360',1321,,55,17,,,0
2019,'1486361',1401,,56,17,,,0
2019,'1486362',1441,,57,17,,,0
2019,'1486363',1521,,58,17,,,0
2019,'1486364',1601,,59,17,,,0
2019,'1486365',1641,,60,17,,,0
2019,'1486366',1721,,61,17,,,0
2019,'1486958',1801,,62,17,,,0
4019,'1480746',623,,63,1,,,0
4019,'1480747',743,,64,1,,,0
30000019,'1486494',925,,528,8,,,0
30000019,'1486495',1025,,529,8,,,0
30000019,'1486496',1125,,530,8,,,0
30000019,'1486497',1225,,531,8,,,0
30000019,'1486498',1325,,532,8,,,0
30000019,'1486499',1425,,533,8,,,0
30000019,'1486500',1525,,534,8,,,0
30000019,'1486501',1625,,535,8,,,0
