7019,'1489971',714,,113,38,0,7,0
7019,'1489972',754,,114,38,0,7,0
7019,'1489973',834,,115,38,0,7,0
7019,'1489974',914,,116,38,0,7,0
7019,'1489975',954,,117,38,0,7,0
7019,'1489976',1034,,118,38,0,7,0
7019,'1489983',1514,,119,38,0,7,0
7019,'1489984',1554,,120,38,0,7,0
7019,'1489985',1634,,121,38,0,7,0
7019,'1489986',1714,,122,38,0,7,0
7019,'1489987',1754,,123,38,0,7,0
7019,'1489988',1834,,124,38,0,7,0
7019,'1489995',834,,125,38,0,7,0
7019,'1489996',914,,126,38,0,7,0
7019,'1489997',954,,127,38,0,7,0
7019,'1489998',1034,,128,38,0,7,0
7019,'1489999',1114,,129,38,0,7,0
7019,'1490000',1154,,130,38,0,7,0
7019,'1490001',1234,,131,38,0,7,0
7019,'1490002',1314,,132,38,0,7,0
7019,'1490003',1354,,133,38,0,7,0
7019,'1490004',1434,,134,38,0,7,0
7019,'1490005',1514,,135,38,0,7,0
7019,'1490006',1554,,136,38,0,7,0
7019,'1490007',1634,,137,38,0,7,0
7019,'1490008',1714,,138,38,0,7,0
7019,'1490009',1754,,139,38,0,7,0
7019,'1490010',1834,,140,38,0,7,0
7019,'1492401',1314,,141,38,0,7,0
7019,'1492402',1354,,142,38,0,7,0
7019,'1492403',1434,,143,38,0,7,0
7019,'1492404',1714,,144,38,0,7,0
7019,'1492405',1754,,145,38,0,7,0
7019,'1492406',1834,,146,38,0,7,0
7019,'1492407',1314,,147,38,0,7,0
7019,'1492408',1354,,148,38,0,7,0
7019,'1492409',1434,,149,38,0,7,0
7019,'1492456',1114,,150,38,0,7,0
7019,'1492457',1154,,151,38,0,7,0
7019,'1492458',1234,,152,38,0,7,0
7019,'1492459',1514,,153,38,0,7,0
7019,'1492460',1554,,154,38,0,7,0
7019,'1492461',1634,,155,38,0,7,0
7019,'1492462',1114,,156,38,0,7,0
7019,'1492463',1154,,157,38,0,7,0
7019,'1492464',1234,,158,38,0,7,0
