14019,'1489925',636,,209,9,,,0,71,,209,34,,,0
14019,'1489926',716,,210,9,,,0,31,,210,34,,,0
14019,'1489927',756,,211,9,,,0,71,,211,34,,,0
14019,'1489928',836,,212,9,,,0,71,,212,34,,,0
14019,'1489929',916,,213,9,,,0,31,,213,34,,,0
14019,'1489930',956,,214,9,,,0,71,,214,34,,,0
14019,'1489931',1036,,215,9,,,0,71,,215,34,,,0
14019,'1489932',1116,,216,9,,,0,31,,216,34,,,0
14019,'1489933',1156,,217,9,,,0,71,,217,34,,,0
14019,'1489934',1236,,218,9,,,0,71,,218,34,,,0
14019,'1489935',1316,,219,9,,,0,31,,219,34,,,0
14019,'1489936',1356,,220,9,,,0,71,,220,34,,,0
14019,'1489937',1436,,221,9,,,0,71,,221,34,,,0
14019,'1489938',1516,,222,9,,,0,31,,222,34,,,0
14019,'1489939',1556,,223,9,,,0,71,,223,34,,,0
14019,'1489940',1636,,224,9,,,0,71,,224,34,,,0
14019,'1489941',1716,,225,9,,,0,31,,225,34,,,0
14019,'1489942',1756,,226,9,,,0,71,,226,34,,,0
14019,'1489943',1836,,227,9,,,0,71,,227,34,,,0
14019,'1489944',1916,,228,9,,,0,31,,228,34,,,0
14019,'1489945',1956,,229,9,,,0,71,,229,34,,,0
14019,'1489946',2036,,230,9,,,0,71,,230,34,,,0
14019,'1489947',2116,,231,9,,,0,31,,231,34,,,0
14019,'1489948',2156,,232,9,,,0,71,,232,34,,,0
14019,'1489949',756,,233,9,,,0,71,,233,34,,,0
14019,'1489950',836,,234,9,,,0,71,,234,34,,,0
14019,'1489951',916,,235,9,,,0,31,,235,34,,,0
14019,'1489952',956,,236,9,,,0,71,,236,34,,,0
14019,'1489953',1036,,237,9,,,0,71,,237,34,,,0
14019,'1489954',1116,,238,9,,,0,31,,238,34,,,0
14019,'1489955',1156,,239,9,,,0,71,,239,34,,,0
14019,'1489956',1236,,240,9,,,0,71,,240,34,,,0
14019,'1489957',1316,,241,9,,,0,31,,241,34,,,0
14019,'1489958',1356,,242,9,,,0,71,,242,34,,,0
14019,'1489959',1436,,243,9,,,0,71,,243,34,,,0
14019,'1489960',1516,,244,9,,,0,31,,244,34,,,0
14019,'1489961',1556,,245,9,,,0,71,,245,34,,,0
14019,'1489962',1636,,246,9,,,0,71,,246,34,,,0
14019,'1489963',1716,,247,9,,,0,31,,247,34,,,0
14019,'1489964',1756,,248,9,,,0,71,,248,34,,,0
14019,'1489965',1836,,249,9,,,0,71,,249,34,,,0
14019,'1489966',1916,,250,9,,,0,31,,250,34,,,0
14019,'1489967',1956,,251,9,,,0,71,,251,34,,,0
14019,'1489968',2036,,252,9,,,0,71,,252,34,,,0
14019,'1489969',2116,,253,9,,,0,31,,253,34,,,0
14019,'1489970',2156,,254,9,,,0,71,,254,34,,,0
