7019,'1489971',646,,113,10,0,7,0
7019,'1489972',726,,114,10,0,7,0
7019,'1489973',806,,115,10,0,7,0
7019,'1489974',846,,116,10,0,7,0
7019,'1489975',926,,117,10,0,7,0
7019,'1489976',1006,,118,10,0,7,0
7019,'1489983',1446,,119,10,0,7,0
7019,'1489984',1526,,120,10,0,7,0
7019,'1489985',1606,,121,10,0,7,0
7019,'1489986',1646,,122,10,0,7,0
7019,'1489987',1726,,123,10,0,7,0
7019,'1489988',1806,,124,10,0,7,0
7019,'1489995',806,,125,10,0,7,0
7019,'1489996',846,,126,10,0,7,0
7019,'1489997',926,,127,10,0,7,0
7019,'1489998',1006,,128,10,0,7,0
7019,'1489999',1046,,129,10,0,7,0
7019,'1490000',1126,,130,10,0,7,0
7019,'1490001',1206,,131,10,0,7,0
7019,'1490002',1246,,132,10,0,7,0
7019,'1490003',1326,,133,10,0,7,0
7019,'1490004',1406,,134,10,0,7,0
7019,'1490005',1446,,135,10,0,7,0
7019,'1490006',1526,,136,10,0,7,0
7019,'1490007',1606,,137,10,0,7,0
7019,'1490008',1646,,138,10,0,7,0
7019,'1490009',1726,,139,10,0,7,0
7019,'1490010',1806,,140,10,0,7,0
7019,'1492401',1246,,141,10,0,7,0
7019,'1492402',1326,,142,10,0,7,0
7019,'1492403',1406,,143,10,0,7,0
7019,'1492404',1646,,144,10,0,7,0
7019,'1492405',1726,,145,10,0,7,0
7019,'1492406',1806,,146,10,0,7,0
7019,'1492407',1246,,147,10,0,7,0
7019,'1492408',1326,,148,10,0,7,0
7019,'1492409',1406,,149,10,0,7,0
7019,'1492456',1046,,150,10,0,7,0
7019,'1492457',1126,,151,10,0,7,0
7019,'1492458',1206,,152,10,0,7,0
7019,'1492459',1446,,153,10,0,7,0
7019,'1492460',1526,,154,10,0,7,0
7019,'1492461',1606,,155,10,0,7,0
7019,'1492462',1046,,156,10,0,7,0
7019,'1492463',1126,,157,10,0,7,0
7019,'1492464',1206,,158,10,0,7,0
20019,'1492422',646,,378,14,,,0
20019,'1492423',726,,379,14,,,0
20019,'1492424',806,,380,14,,,0
20019,'1492425',846,,381,14,,,0
20019,'1492426',926,,382,14,,,0
20019,'1492427',1006,,383,14,,,0
20019,'1492428',1046,,384,14,,,0
20019,'1492429',1126,,385,14,,,0
20019,'1492430',1206,,386,14,,,0
20019,'1492431',1246,,387,14,,,0
20019,'1492432',1326,,388,14,,,0
20019,'1492433',1406,,389,14,,,0
20019,'1492434',1446,,390,14,,,0
20019,'1492435',1526,,391,14,,,0
20019,'1492436',1606,,392,14,,,0
20019,'1492437',1646,,393,14,,,0
20019,'1492438',1726,,394,14,,,0
20019,'1492439',1806,,395,14,,,0
20019,'1492440',806,,396,14,,,0
20019,'1492441',846,,397,14,,,0
20019,'1492442',926,,398,14,,,0
20019,'1492443',1006,,399,14,,,0
20019,'1492444',1046,,400,14,,,0
20019,'1492445',1126,,401,14,,,0
20019,'1492446',1206,,402,14,,,0
20019,'1492447',1246,,403,14,,,0
20019,'1492448',1326,,404,14,,,0
20019,'1492449',1406,,405,14,,,0
20019,'1492450',1446,,406,14,,,0
20019,'1492451',1526,,407,14,,,0
20019,'1492452',1606,,408,14,,,0
20019,'1492453',1646,,409,14,,,0
20019,'1492454',1726,,410,14,,,0
20019,'1492455',1806,,411,14,,,0
