1019,'1485865',638,,26,6,0,11,0
1019,'1485866',718,,27,6,0,11,0
1019,'1485867',758,,28,6,0,11,0
1019,'1485868',838,,29,6,0,11,0
1019,'1485869',918,,30,6,0,11,0
1019,'1485870',958,,31,6,0,11,0
1019,'1485871',1038,,32,6,0,11,0
1019,'1485872',1118,,33,6,0,11,0
1019,'1485873',1158,,34,6,0,11,0
1019,'1485874',1238,,35,6,0,11,0
1019,'1485875',1318,,36,6,0,11,0
1019,'1485876',1358,,37,6,0,11,0
1019,'1485877',1438,,38,6,0,11,0
1019,'1485878',1518,,39,6,0,11,0
1019,'1485879',1558,,40,6,0,11,0
1019,'1485880',1638,,41,6,0,11,0
1019,'1485881',1718,,42,6,0,11,0
1019,'1485882',1758,,43,6,0,11,0
7019,'1482898',627,,111,1,0,8,0
7019,'1482899',747,,112,1,0,8,0
10019,'1483448',637,,161,1,0,5,0
10019,'1483449',1517,,162,1,0,5,0
12019,'1482623',657,,170,1,0,8,0
12019,'1482624',757,,171,1,0,8,0
16019,'1488147',755,,287,12,0,9 10,0
16019,'1488148',855,,288,12,0,9 10,0
16019,'1488149',955,,289,12,0,9 10,0
16019,'1488162',1255,,290,12,0,9 10,0
16019,'1488163',1355,,291,12,0,9 10,0
16019,'1488164',1455,,292,12,0,9 10,0
16019,'1488165',1555,,293,12,0,9 10,0
16019,'1488166',1655,,294,12,0,9 10,0
16019,'1488167',1755,,295,12,0,9 10,0
16019,'1492416',1055,,296,12,0,9 10,0
16019,'1492417',1155,,297,12,0,9 10,0
16019,'1492418',1055,,298,12,0,9 10,0
16019,'1492419',1155,,299,12,0,9 10,0
16019,'1492420',1455,,300,12,0,9 10,0
16019,'1492421',1555,,301,12,0,9 10,0
16019,'1492471',855,,302,12,0,9 10,0
16019,'1492472',955,,303,12,0,9 10,0
16019,'1492473',1655,,304,12,0,9 10,0
16019,'1492474',1755,,305,12,0,9 10,0
16019,'1492475',1255,,306,12,0,9 10,0
16019,'1492476',1355,,307,12,0,9 10,0
