12019,'1492505',727,,184,18,0,12 13,0
12019,'1492506',827,,185,18,0,12 13,0
12019,'1492507',1127,,186,18,0,12 13,0
12019,'1492508',1227,,187,18,0,12 13,0
12019,'1492509',1527,,188,18,0,12 13,0
12019,'1492510',1627,,189,18,0,12 13,0
12019,'1492511',827,,190,18,0,12 13,0
12019,'1492512',1127,,191,18,0,12 13,0
12019,'1492513',1227,,192,18,0,12 13,0
12019,'1492514',1527,,193,18,0,12 13,0
12019,'1492515',1627,,194,18,0,12 13,0
12019,'1492516',927,,195,18,0,12 13,0
12019,'1492517',1027,,196,18,0,12 13,0
12019,'1492518',1327,,197,18,0,12 13,0
12019,'1492519',1427,,198,18,0,12 13,0
12019,'1492520',1727,,199,18,0,12 13,0
12019,'1492521',1827,,200,18,0,12 13,0
12019,'1492522',927,,201,18,0,12 13,0
12019,'1492523',1027,,202,18,0,12 13,0
12019,'1492524',1327,,203,18,0,12 13,0
12019,'1492525',1427,,204,18,0,12 13,0
12019,'1492526',1727,,205,18,0,12 13,0
12019,'1492527',1827,,206,18,0,12 13,0
