7019,'1482898',636,,111,11,0,8,0
7019,'1482899',756,,112,11,0,8,0
12019,'1482623',706,,170,11,0,8,0
12019,'1482624',806,,171,11,0,8,0
16019,'1488147',805,,287,22,0,9 10,0
16019,'1488148',905,,288,22,0,9 10,0
16019,'1488149',1005,,289,22,0,9 10,0
16019,'1488162',1305,,290,22,0,9 10,0
16019,'1488163',1405,,291,22,0,9 10,0
16019,'1488164',1505,,292,22,0,9 10,0
16019,'1488165',1605,,293,22,0,9 10,0
16019,'1488166',1705,,294,22,0,9 10,0
16019,'1488167',1805,,295,22,0,9 10,0
16019,'1492416',1105,,296,22,0,9 10,0
16019,'1492417',1205,,297,22,0,9 10,0
16019,'1492418',1105,,298,22,0,9 10,0
16019,'1492419',1205,,299,22,0,9 10,0
16019,'1492420',1505,,300,22,0,9 10,0
16019,'1492421',1605,,301,22,0,9 10,0
16019,'1492471',905,,302,22,0,9 10,0
16019,'1492472',1005,,303,22,0,9 10,0
16019,'1492473',1705,,304,22,0,9 10,0
16019,'1492474',1805,,305,22,0,9 10,0
16019,'1492475',1305,,306,22,0,9 10,0
16019,'1492476',1405,,307,22,0,9 10,0
