4019,'1489036',704,,65,28,,,0
4019,'1489037',744,,66,28,,,0
4019,'1489038',824,,67,28,,,0
4019,'1489039',904,,68,28,,,0
4019,'1489040',944,,69,28,,,0
4019,'1489041',1024,,70,28,,,0
4019,'1489042',1104,,71,28,,,0
4019,'1489043',1144,,72,28,,,0
4019,'1489044',1224,,73,28,,,0
4019,'1489045',1304,,74,28,,,0
4019,'1489046',1344,,75,28,,,0
4019,'1489047',1424,,76,28,,,0
4019,'1489048',1504,,77,28,,,0
4019,'1489049',1544,,78,28,,,0
4019,'1489050',1624,,79,28,,,0
4019,'1489051',1704,,80,28,,,0
4019,'1489052',1744,,81,28,,,0
4019,'1489053',1824,,82,28,,,0
4019,'1489054',1904,,83,28,,,0
4019,'1489055',1944,,84,28,,,0
4019,'1489056',2024,,85,28,,,0
4019,'1489057',2104,,86,28,,,0
4019,'1489058',2144,,87,28,,,0
4019,'1489059',2224,,88,28,,,0
4019,'1489060',824,,89,28,,,0
4019,'1489061',904,,90,28,,,0
4019,'1489062',944,,91,28,,,0
4019,'1489063',1024,,92,28,,,0
4019,'1489064',1104,,93,28,,,0
4019,'1489065',1144,,94,28,,,0
4019,'1489066',1224,,95,28,,,0
4019,'1489067',1304,,96,28,,,0
4019,'1489068',1344,,97,28,,,0
4019,'1489069',1424,,98,28,,,0
4019,'1489070',1504,,99,28,,,0
4019,'1489071',1544,,100,28,,,0
4019,'1489072',1624,,101,28,,,0
4019,'1489073',1704,,102,28,,,0
4019,'1489074',1744,,103,28,,,0
4019,'1489075',1824,,104,28,,,0
4019,'1489076',1904,,105,28,,,0
4019,'1489077',1944,,106,28,,,0
4019,'1489078',2024,,107,28,,,0
4019,'1489079',2104,,108,28,,,0
4019,'1489080',2144,,109,28,,,0
4019,'1489081',2224,,110,28,,,0
