14019,'1489925',635,,209,8,,,0,71,,209,33,,,0
14019,'1489926',715,,210,8,,,0,31,,210,33,,,0
14019,'1489927',755,,211,8,,,0,71,,211,33,,,0
14019,'1489928',835,,212,8,,,0,71,,212,33,,,0
14019,'1489929',915,,213,8,,,0,31,,213,33,,,0
14019,'1489930',955,,214,8,,,0,71,,214,33,,,0
14019,'1489931',1035,,215,8,,,0,71,,215,33,,,0
14019,'1489932',1115,,216,8,,,0,31,,216,33,,,0
14019,'1489933',1155,,217,8,,,0,71,,217,33,,,0
14019,'1489934',1235,,218,8,,,0,71,,218,33,,,0
14019,'1489935',1315,,219,8,,,0,31,,219,33,,,0
14019,'1489936',1355,,220,8,,,0,71,,220,33,,,0
14019,'1489937',1435,,221,8,,,0,71,,221,33,,,0
14019,'1489938',1515,,222,8,,,0,31,,222,33,,,0
14019,'1489939',1555,,223,8,,,0,71,,223,33,,,0
14019,'1489940',1635,,224,8,,,0,71,,224,33,,,0
14019,'1489941',1715,,225,8,,,0,31,,225,33,,,0
14019,'1489942',1755,,226,8,,,0,71,,226,33,,,0
14019,'1489943',1835,,227,8,,,0,71,,227,33,,,0
14019,'1489944',1915,,228,8,,,0,31,,228,33,,,0
14019,'1489945',1955,,229,8,,,0,71,,229,33,,,0
14019,'1489946',2035,,230,8,,,0,71,,230,33,,,0
14019,'1489947',2115,,231,8,,,0,31,,231,33,,,0
14019,'1489948',2155,,232,8,,,0,71,,232,33,,,0
14019,'1489949',755,,233,8,,,0,71,,233,33,,,0
14019,'1489950',835,,234,8,,,0,71,,234,33,,,0
14019,'1489951',915,,235,8,,,0,31,,235,33,,,0
14019,'1489952',955,,236,8,,,0,71,,236,33,,,0
14019,'1489953',1035,,237,8,,,0,71,,237,33,,,0
14019,'1489954',1115,,238,8,,,0,31,,238,33,,,0
14019,'1489955',1155,,239,8,,,0,71,,239,33,,,0
14019,'1489956',1235,,240,8,,,0,71,,240,33,,,0
14019,'1489957',1315,,241,8,,,0,31,,241,33,,,0
14019,'1489958',1355,,242,8,,,0,71,,242,33,,,0
14019,'1489959',1435,,243,8,,,0,71,,243,33,,,0
14019,'1489960',1515,,244,8,,,0,31,,244,33,,,0
14019,'1489961',1555,,245,8,,,0,71,,245,33,,,0
14019,'1489962',1635,,246,8,,,0,71,,246,33,,,0
14019,'1489963',1715,,247,8,,,0,31,,247,33,,,0
14019,'1489964',1755,,248,8,,,0,71,,248,33,,,0
14019,'1489965',1835,,249,8,,,0,71,,249,33,,,0
14019,'1489966',1915,,250,8,,,0,31,,250,33,,,0
14019,'1489967',1955,,251,8,,,0,71,,251,33,,,0
14019,'1489968',2035,,252,8,,,0,71,,252,33,,,0
14019,'1489969',2115,,253,8,,,0,31,,253,33,,,0
14019,'1489970',2155,,254,8,,,0,71,,254,33,,,0
