4019,'1489036',633,,65,4,,,0
4019,'1489037',713,,66,4,,,0
4019,'1489038',753,,67,4,,,0
4019,'1489039',833,,68,4,,,0
4019,'1489040',913,,69,4,,,0
4019,'1489041',953,,70,4,,,0
4019,'1489042',1033,,71,4,,,0
4019,'1489043',1113,,72,4,,,0
4019,'1489044',1153,,73,4,,,0
4019,'1489045',1233,,74,4,,,0
4019,'1489046',1313,,75,4,,,0
4019,'1489047',1353,,76,4,,,0
4019,'1489048',1433,,77,4,,,0
4019,'1489049',1513,,78,4,,,0
4019,'1489050',1553,,79,4,,,0
4019,'1489051',1633,,80,4,,,0
4019,'1489052',1713,,81,4,,,0
4019,'1489053',1753,,82,4,,,0
4019,'1489054',1833,,83,4,,,0
4019,'1489055',1913,,84,4,,,0
4019,'1489056',1953,,85,4,,,0
4019,'1489057',2033,,86,4,,,0
4019,'1489058',2113,,87,4,,,0
4019,'1489059',2153,,88,4,,,0
4019,'1489060',753,,89,4,,,0
4019,'1489061',833,,90,4,,,0
4019,'1489062',913,,91,4,,,0
4019,'1489063',953,,92,4,,,0
4019,'1489064',1033,,93,4,,,0
4019,'1489065',1113,,94,4,,,0
4019,'1489066',1153,,95,4,,,0
4019,'1489067',1233,,96,4,,,0
4019,'1489068',1313,,97,4,,,0
4019,'1489069',1353,,98,4,,,0
4019,'1489070',1433,,99,4,,,0
4019,'1489071',1513,,100,4,,,0
4019,'1489072',1553,,101,4,,,0
4019,'1489073',1633,,102,4,,,0
4019,'1489074',1713,,103,4,,,0
4019,'1489075',1753,,104,4,,,0
4019,'1489076',1833,,105,4,,,0
4019,'1489077',1913,,106,4,,,0
4019,'1489078',1953,,107,4,,,0
4019,'1489079',2033,,108,4,,,0
4019,'1489080',2113,,109,4,,,0
4019,'1489081',2153,,110,4,,,0
