19019,'1489098',704,,308,25,,,0
19019,'1489099',744,,309,25,,,0
19019,'1489100',824,,310,25,,,0
19019,'1489101',904,,311,25,,,0
19019,'1489102',944,,312,25,,,0
19019,'1489103',1024,,313,25,,,0
19019,'1489104',1104,,314,25,,,0
19019,'1489105',1144,,315,25,,,0
19019,'1489106',1224,,316,25,,,0
19019,'1489107',1304,,317,25,,,0
19019,'1489108',1344,,318,25,,,0
19019,'1489109',1424,,319,25,,,0
19019,'1489110',1504,,320,25,,,0
19019,'1489111',1544,,321,25,,,0
19019,'1489112',1624,,322,25,,,0
19019,'1489113',1704,,323,25,,,0
19019,'1489114',1744,,324,25,,,0
19019,'1489115',1824,,325,25,,,0
19019,'1489116',724,,326,25,,,0
19019,'1489117',804,,327,25,,,0
19019,'1489118',844,,328,25,,,0
19019,'1489119',924,,329,25,,,0
19019,'1489120',1004,,330,25,,,0
19019,'1489121',1044,,331,25,,,0
19019,'1489122',1124,,332,25,,,0
19019,'1489123',1204,,333,25,,,0
19019,'1489124',1244,,334,25,,,0
19019,'1489125',1324,,335,25,,,0
19019,'1489126',1404,,336,25,,,0
19019,'1489127',1444,,337,25,,,0
19019,'1489128',1524,,338,25,,,0
19019,'1489129',1604,,339,25,,,0
19019,'1489130',1644,,340,25,,,0
19019,'1489131',1724,,341,25,,,0
19019,'1489132',1804,,342,25,,,0
66019,'1489865',812,,412,11,,,0
66019,'1489866',842,,413,11,,,0
66019,'1489867',912,,414,11,,,0
66019,'1489868',942,,415,11,,,0
66019,'1489869',1012,,416,11,,,0
66019,'1489870',1042,,417,11,,,0
66019,'1489871',1112,,418,11,,,0
66019,'1489872',1142,,419,11,,,0
66019,'1489873',1212,,420,11,,,0
66019,'1489874',1242,,421,11,,,0
66019,'1489875',1312,,422,11,,,0
66019,'1489876',1342,,423,11,,,0
66019,'1489877',1412,,424,11,,,0
66019,'1489878',1442,,425,11,,,0
66019,'1489879',1512,,426,11,,,0
66019,'1489880',1542,,427,11,,,0
66019,'1489881',1612,,428,11,,,0
66019,'1489882',1642,,429,11,,,0
66019,'1489883',1712,,430,11,,,0
901019,'1480871',627,,454,8,0,6,0
901019,'1480872',747,,455,8,0,6,0
901019,'1489082',902,,456,56,0,16 17,0
901019,'1489083',1022,,457,56,0,16 17,0
901019,'1489084',1142,,458,56,0,16 17,0
901019,'1489085',1302,,459,56,0,16 17,0
901019,'1489086',1422,,460,56,0,16 17,0
901019,'1489087',1542,,461,56,0,16 17,0
901019,'1489088',1702,,462,56,0,16 17,0
901019,'1489089',1822,,463,56,0,16 17,0
901019,'1489090',1942,,464,56,0,16 17,0
901019,'1489091',2102,,465,56,0,16 17,0
901019,'1489092',2222,,466,56,0,16 17,0
901019,'1492540',1942,,494,56,0,16 17,0
901019,'1492541',2102,,495,56,0,16 17,0
901019,'1492542',2222,,496,56,0,16 17,0
902019,'1492543',1902,,514,24,0,16 17,0
902019,'1492544',2022,,515,24,0,16 17,0
902019,'1492545',2142,,516,24,0,16 17,0
902019,'1492546',822,,517,24,0,16 17,0
902019,'1492547',942,,518,24,0,16 17,0
902019,'1492548',1102,,519,24,0,16 17,0
902019,'1492549',1222,,520,24,0,16 17,0
902019,'1492550',1342,,521,24,0,16 17,0
902019,'1492551',1502,,522,24,0,16 17,0
902019,'1492552',1622,,523,24,0,16 17,0
902019,'1492553',1742,,524,24,0,16 17,0
902019,'1492554',1902,,525,24,0,16 17,0
902019,'1492555',2022,,526,24,0,16 17,0
902019,'1492556',2142,,527,24,0,16 17,0
