1019,'1482680',801,,3,8,0,18,0
1019,'1482681',841,,4,8,0,18,0
1019,'1482682',921,,5,8,0,18,0
1019,'1482683',1001,,6,8,0,18,0
1019,'1482684',1041,,7,8,0,18,0
1019,'1482685',1121,,8,8,0,18,0
1019,'1482686',1201,,9,8,0,18,0
1019,'1482687',1241,,10,8,0,18,0
1019,'1482688',1321,,11,8,0,18,0
1019,'1482689',1401,,12,8,0,18,0
1019,'1482690',1441,,13,8,0,18,0
1019,'1482691',1521,,14,8,0,18,0
1019,'1482692',1601,,15,8,0,18,0
1019,'1482693',1641,,16,8,0,18,0
1019,'1482694',1721,,17,8,0,18,0
1019,'1482695',1801,,18,8,0,18,0
1019,'1482696',1841,,19,8,0,18,0
1019,'1482697',1921,,20,8,0,18,0
1019,'1482698',2001,,21,8,0,18,0
1019,'1482699',2041,,22,8,0,18,0
1019,'1482700',2121,,23,8,0,18,0
1019,'1482701',2201,,24,8,0,18,0
2019,'1480619',623,,44,4,,,0
2019,'1486350',659,,45,33,,,0
2019,'1486351',739,,46,33,,,0
2019,'1486352',819,,47,33,,,0
2019,'1486353',859,,48,33,,,0
2019,'1486354',939,,49,33,,,0
2019,'1486355',1019,,50,33,,,0
2019,'1486356',1059,,51,33,,,0
2019,'1486357',1139,,52,33,,,0
2019,'1486358',1219,,53,33,,,0
2019,'1486359',1259,,54,33,,,0
2019,'1486360',1339,,55,33,,,0
2019,'1486361',1419,,56,33,,,0
2019,'1486362',1459,,57,33,,,0
2019,'1486363',1539,,58,33,,,0
2019,'1486364',1619,,59,33,,,0
2019,'1486365',1659,,60,33,,,0
2019,'1486366',1739,,61,33,,,0
2019,'1486958',1819,,62,33,,,0
