12019,'1492505',732,,184,26,0,12 13,0
12019,'1492506',832,,185,26,0,12 13,0
12019,'1492507',1132,,186,26,0,12 13,0
12019,'1492508',1232,,187,26,0,12 13,0
12019,'1492509',1532,,188,26,0,12 13,0
12019,'1492510',1632,,189,26,0,12 13,0
12019,'1492511',832,,190,26,0,12 13,0
12019,'1492512',1132,,191,26,0,12 13,0
12019,'1492513',1232,,192,26,0,12 13,0
12019,'1492514',1532,,193,26,0,12 13,0
12019,'1492515',1632,,194,26,0,12 13,0
12019,'1492516',932,,195,26,0,12 13,0
12019,'1492517',1032,,196,26,0,12 13,0
12019,'1492518',1332,,197,26,0,12 13,0
12019,'1492519',1432,,198,26,0,12 13,0
12019,'1492520',1732,,199,26,0,12 13,0
12019,'1492521',1832,,200,26,0,12 13,0
12019,'1492522',932,,201,26,0,12 13,0
12019,'1492523',1032,,202,26,0,12 13,0
12019,'1492524',1332,,203,26,0,12 13,0
12019,'1492525',1432,,204,26,0,12 13,0
12019,'1492526',1732,,205,26,0,12 13,0
12019,'1492527',1832,,206,26,0,12 13,0
