15019,'1484063',650,,257,23,,,0
15019,'1484064',750,,258,23,,,0
15019,'1484065',850,,259,23,,,0
15019,'1484066',950,,260,23,,,0
15019,'1484067',1050,,261,23,,,0
15019,'1484068',1150,,262,23,,,0
15019,'1484069',1250,,263,23,,,0
15019,'1484070',1350,,264,23,,,0
15019,'1484071',1450,,265,23,,,0
15019,'1484072',1550,,266,23,,,0
15019,'1484073',1650,,267,23,,,0
15019,'1484074',1750,,268,23,,,0
15019,'1489344',1850,,269,23,,,0
15019,'1489345',1950,,270,23,,,0
15019,'1489346',2050,,271,23,,,0
15019,'1489347',2150,,272,23,,,0
15019,'1489348',850,,273,23,,,0
15019,'1489349',950,,274,23,,,0
15019,'1489350',1050,,275,23,,,0
15019,'1489351',1150,,276,23,,,0
15019,'1489352',1250,,277,23,,,0
15019,'1489353',1350,,278,23,,,0
15019,'1489354',1450,,279,23,,,0
15019,'1489355',1550,,280,23,,,0
15019,'1489356',1650,,281,23,,,0
15019,'1489357',1750,,282,23,,,0
15019,'1489358',1850,,283,23,,,0
15019,'1489359',1950,,284,23,,,0
15019,'1489360',2050,,285,23,,,0
15019,'1489361',2150,,286,23,,,0
