7019,'1482898',635,,111,10,0,8,0
7019,'1482899',755,,112,10,0,8,0
12019,'1482623',705,,170,10,0,8,0
12019,'1482624',805,,171,10,0,8,0
16019,'1488147',804,,287,21,0,9 10,0
16019,'1488148',904,,288,21,0,9 10,0
16019,'1488149',1004,,289,21,0,9 10,0
16019,'1488162',1304,,290,21,0,9 10,0
16019,'1488163',1404,,291,21,0,9 10,0
16019,'1488164',1504,,292,21,0,9 10,0
16019,'1488165',1604,,293,21,0,9 10,0
16019,'1488166',1704,,294,21,0,9 10,0
16019,'1488167',1804,,295,21,0,9 10,0
16019,'1492416',1104,,296,21,0,9 10,0
16019,'1492417',1204,,297,21,0,9 10,0
16019,'1492418',1104,,298,21,0,9 10,0
16019,'1492419',1204,,299,21,0,9 10,0
16019,'1492420',1504,,300,21,0,9 10,0
16019,'1492421',1604,,301,21,0,9 10,0
16019,'1492471',904,,302,21,0,9 10,0
16019,'1492472',1004,,303,21,0,9 10,0
16019,'1492473',1704,,304,21,0,9 10,0
16019,'1492474',1804,,305,21,0,9 10,0
16019,'1492475',1304,,306,21,0,9 10,0
16019,'1492476',1404,,307,21,0,9 10,0
