93019,'1492477',724,,432,14,0,5,0
93019,'1492478',824,,433,14,0,5,0
93019,'1492479',924,,434,14,0,5,0
93019,'1492480',1024,,435,14,0,5,0
93019,'1492481',1124,,436,14,0,5,0
93019,'1492482',1224,,437,14,0,5,0
93019,'1492483',1324,,438,14,0,5,0
93019,'1492484',1424,,439,14,0,5,0
93019,'1492485',1524,,440,14,0,5,0
93019,'1492486',1624,,441,14,0,5,0
93019,'1492487',1724,,442,14,0,5,0
93019,'1492557',724,,443,14,0,5,0
93019,'1492558',824,,444,14,0,5,0
93019,'1492559',924,,445,14,0,5,0
93019,'1492560',1024,,446,14,0,5,0
93019,'1492561',1124,,447,14,0,5,0
93019,'1492562',1224,,448,14,0,5,0
93019,'1492563',1324,,449,14,0,5,0
93019,'1492564',1424,,450,14,0,5,0
93019,'1492565',1524,,451,14,0,5,0
93019,'1492566',1624,,452,14,0,5,0
93019,'1492567',1724,,453,14,0,5,0
901019,'1489082',804,,456,14,,,0
901019,'1489083',924,,457,14,,,0
901019,'1489084',1044,,458,14,,,0
901019,'1489085',1204,,459,14,,,0
901019,'1489086',1324,,460,14,,,0
901019,'1489087',1444,,461,14,,,0
901019,'1489088',1604,,462,14,,,0
901019,'1489089',1724,,463,14,,,0
901019,'1489090',1844,,464,14,,,0
901019,'1489091',2004,,465,14,,,0
901019,'1489092',2124,,466,14,,,0
901019,'1489247',1844,,467,14,,,0
901019,'1489248',2004,,468,14,,,0
901019,'1489249',2124,,469,14,,,0
901019,'1489884',644,,470,14,,,0
901019,'1489885',744,,471,14,,,0
901019,'1489886',844,,472,14,,,0
901019,'1489887',944,,473,14,,,0
901019,'1489888',1044,,474,14,,,0
901019,'1489889',1144,,475,14,,,0
901019,'1489890',1244,,476,14,,,0
901019,'1489891',1344,,477,14,,,0
901019,'1489892',1444,,478,14,,,0
901019,'1489893',1544,,479,14,,,0
901019,'1489894',1644,,480,14,,,0
901019,'1489895',1744,,481,14,,,0
901019,'1492528',644,,482,14,,,0
901019,'1492529',744,,483,14,,,0
901019,'1492530',844,,484,14,,,0
901019,'1492531',944,,485,14,,,0
901019,'1492532',1044,,486,14,,,0
901019,'1492533',1144,,487,14,,,0
901019,'1492534',1244,,488,14,,,0
901019,'1492535',1344,,489,14,,,0
901019,'1492536',1444,,490,14,,,0
901019,'1492537',1544,,491,14,,,0
901019,'1492538',1644,,492,14,,,0
901019,'1492539',1744,,493,14,,,0
901019,'1492540',1844,,494,14,,,0
901019,'1492541',2004,,495,14,,,0
901019,'1492542',2124,,496,14,,,0
902019,'1488205',1924,,497,40,,,0
902019,'1488206',2044,,498,40,,,0
902019,'1488207',2204,,499,40,,,0
902019,'1488257',1804,,500,14,,,0
902019,'1489896',704,,503,14,,,0
902019,'1489897',804,,504,14,,,0
902019,'1489898',904,,505,14,,,0
902019,'1489899',1004,,506,14,,,0
902019,'1489900',1104,,507,14,,,0
902019,'1489901',1204,,508,14,,,0
902019,'1489902',1304,,509,14,,,0
902019,'1489903',1404,,510,14,,,0
902019,'1489904',1504,,511,14,,,0
902019,'1489905',1604,,512,14,,,0
902019,'1489906',1704,,513,14,,,0
902019,'1492543',1924,,514,40,,,0
902019,'1492544',2044,,515,40,,,0
902019,'1492545',2204,,516,40,,,0
902019,'1492546',844,,517,40,,,0
902019,'1492547',1004,,518,40,,,0
902019,'1492548',1124,,519,40,,,0
902019,'1492549',1244,,520,40,,,0
902019,'1492550',1404,,521,40,,,0
902019,'1492551',1524,,522,40,,,0
902019,'1492552',1644,,523,40,,,0
902019,'1492553',1804,,524,40,,,0
902019,'1492554',1924,,525,40,,,0
902019,'1492555',2044,,526,40,,,0
902019,'1492556',2204,,527,40,,,0
