7019,'1482898',640,,111,13,4,,0
7019,'1482899',800,,112,13,4,,0
7019,'1489971',640,,113,1,0,7,0,80,,113,43,4,,0
7019,'1489972',720,,114,1,0,7,0,80,,114,43,4,,0
7019,'1489973',800,,115,1,0,7,0,40,,115,43,4,,0
7019,'1489974',840,,116,1,0,7,0,80,,116,43,4,,0
7019,'1489975',920,,117,1,0,7,0,80,,117,43,4,,0
7019,'1489976',1000,,118,1,0,7,0,40,,118,43,4,,0
7019,'1489983',1440,,119,1,0,7,0,80,,119,43,4,,0
7019,'1489984',1520,,120,1,0,7,0,80,,120,43,4,,0
7019,'1489985',1600,,121,1,0,7,0,40,,121,43,4,,0
7019,'1489986',1640,,122,1,0,7,0,80,,122,43,4,,0
7019,'1489987',1720,,123,1,0,7,0,80,,123,43,4,,0
7019,'1489988',1800,,124,1,0,7,0,40,,124,43,4,,0
7019,'1489995',800,,125,1,0,7,0,40,,125,43,4,,0
7019,'1489996',840,,126,1,0,7,0,80,,126,43,4,,0
7019,'1489997',920,,127,1,0,7,0,80,,127,43,4,,0
7019,'1489998',1000,,128,1,0,7,0,40,,128,43,4,,0
7019,'1489999',1040,,129,1,0,7,0,80,,129,43,4,,0
7019,'1490000',1120,,130,1,0,7,0,80,,130,43,4,,0
7019,'1490001',1200,,131,1,0,7,0,40,,131,43,4,,0
7019,'1490002',1240,,132,1,0,7,0,80,,132,43,4,,0
7019,'1490003',1320,,133,1,0,7,0,80,,133,43,4,,0
7019,'1490004',1400,,134,1,0,7,0,40,,134,43,4,,0
7019,'1490005',1440,,135,1,0,7,0,80,,135,43,4,,0
7019,'1490006',1520,,136,1,0,7,0,80,,136,43,4,,0
7019,'1490007',1600,,137,1,0,7,0,40,,137,43,4,,0
7019,'1490008',1640,,138,1,0,7,0,80,,138,43,4,,0
7019,'1490009',1720,,139,1,0,7,0,80,,139,43,4,,0
7019,'1490010',1800,,140,1,0,7,0,40,,140,43,4,,0
7019,'1492401',1240,,141,1,0,7,0,80,,141,43,4,,0
7019,'1492402',1320,,142,1,0,7,0,80,,142,43,4,,0
7019,'1492403',1400,,143,1,0,7,0,40,,143,43,4,,0
7019,'1492404',1640,,144,1,0,7,0,80,,144,43,4,,0
7019,'1492405',1720,,145,1,0,7,0,80,,145,43,4,,0
7019,'1492406',1800,,146,1,0,7,0,40,,146,43,4,,0
7019,'1492407',1240,,147,1,0,7,0,80,,147,43,4,,0
7019,'1492408',1320,,148,1,0,7,0,80,,148,43,4,,0
7019,'1492409',1400,,149,1,0,7,0,40,,149,43,4,,0
7019,'1492456',1040,,150,1,0,7,0,80,,150,43,4,,0
7019,'1492457',1120,,151,1,0,7,0,80,,151,43,4,,0
7019,'1492458',1200,,152,1,0,7,0,40,,152,43,4,,0
7019,'1492459',1440,,153,1,0,7,0,80,,153,43,4,,0
7019,'1492460',1520,,154,1,0,7,0,80,,154,43,4,,0
7019,'1492461',1600,,155,1,0,7,0,40,,155,43,4,,0
7019,'1492462',1040,,156,1,0,7,0,80,,156,43,4,,0
7019,'1492463',1120,,157,1,0,7,0,80,,157,43,4,,0
7019,'1492464',1200,,158,1,0,7,0,40,,158,43,4,,0
12019,'1482623',710,,170,13,4,,0
12019,'1482624',810,,171,13,4,,0
12019,'1492505',710,,184,1,0,12 13,0,30,,184,35,4,,0
12019,'1492506',810,,185,1,0,12 13,0,30,,185,35,4,,0
12019,'1492507',1110,,186,1,0,12 13,0,30,,186,35,4,,0
12019,'1492508',1210,,187,1,0,12 13,0,30,,187,35,4,,0
12019,'1492509',1510,,188,1,0,12 13,0,30,,188,35,4,,0
12019,'1492510',1610,,189,1,0,12 13,0,30,,189,35,4,,0
12019,'1492511',810,,190,1,0,12 13,0,30,,190,35,4,,0
12019,'1492512',1110,,191,1,0,12 13,0,30,,191,35,4,,0
12019,'1492513',1210,,192,1,0,12 13,0,30,,192,35,4,,0
12019,'1492514',1510,,193,1,0,12 13,0,30,,193,35,4,,0
12019,'1492515',1610,,194,1,0,12 13,0,30,,194,35,4,,0
12019,'1492516',910,,195,1,0,12 13,0,30,,195,35,4,,0
12019,'1492517',1010,,196,1,0,12 13,0,30,,196,35,4,,0
12019,'1492518',1310,,197,1,0,12 13,0,30,,197,35,4,,0
12019,'1492519',1410,,198,1,0,12 13,0,30,,198,35,4,,0
12019,'1492520',1710,,199,1,0,12 13,0,30,,199,35,4,,0
12019,'1492521',1810,,200,1,0,12 13,0,30,,200,35,4,,0
12019,'1492522',910,,201,1,0,12 13,0,30,,201,35,4,,0
12019,'1492523',1010,,202,1,0,12 13,0,30,,202,35,4,,0
12019,'1492524',1310,,203,1,0,12 13,0,30,,203,35,4,,0
12019,'1492525',1410,,204,1,0,12 13,0,30,,204,35,4,,0
12019,'1492526',1710,,205,1,0,12 13,0,30,,205,35,4,,0
12019,'1492527',1810,,206,1,0,12 13,0,30,,206,35,4,,0
16019,'1488147',740,,287,1,0,9 10,0,70,,287,24,4,,0
16019,'1488148',840,,288,1,0,9 10,0,70,,288,24,4,,0
16019,'1488149',940,,289,1,0,9 10,0,70,,289,24,4,,0
16019,'1488162',1240,,290,1,0,9 10,0,70,,290,24,4,,0
16019,'1488163',1340,,291,1,0,9 10,0,70,,291,24,4,,0
16019,'1488164',1440,,292,1,0,9 10,0,70,,292,24,4,,0
16019,'1488165',1540,,293,1,0,9 10,0,70,,293,24,4,,0
16019,'1488166',1640,,294,1,0,9 10,0,70,,294,24,4,,0
16019,'1488167',1740,,295,1,0,9 10,0,70,,295,24,4,,0
16019,'1492416',1040,,296,1,0,9 10,0,70,,296,24,4,,0
16019,'1492417',1140,,297,1,0,9 10,0,70,,297,24,4,,0
16019,'1492418',1040,,298,1,0,9 10,0,70,,298,24,4,,0
16019,'1492419',1140,,299,1,0,9 10,0,70,,299,24,4,,0
16019,'1492420',1440,,300,1,0,9 10,0,70,,300,24,4,,0
16019,'1492421',1540,,301,1,0,9 10,0,70,,301,24,4,,0
16019,'1492471',840,,302,1,0,9 10,0,70,,302,24,4,,0
16019,'1492472',940,,303,1,0,9 10,0,70,,303,24,4,,0
16019,'1492473',1640,,304,1,0,9 10,0,70,,304,24,4,,0
16019,'1492474',1740,,305,1,0,9 10,0,70,,305,24,4,,0
16019,'1492475',1240,,306,1,0,9 10,0,70,,306,24,4,,0
16019,'1492476',1340,,307,1,0,9 10,0,70,,307,24,4,,0
901019,'1489082',800,,456,10,,,0,20,,456,26,0,6,0
901019,'1489083',920,,457,10,,,0,20,,457,26,0,6,0
901019,'1489084',1040,,458,10,,,0,60,,458,26,0,6,0
901019,'1489085',1200,,459,10,,,0,20,,459,26,0,6,0
901019,'1489086',1320,,460,10,,,0,20,,460,26,0,6,0
901019,'1489087',1440,,461,10,,,0,60,,461,26,0,6,0
901019,'1489088',1600,,462,10,,,0,20,,462,26,0,6,0
901019,'1489089',1720,,463,10,,,0,20,,463,26,0,6,0
901019,'1489090',1840,,464,10,,,0,60,,464,26,0,6,0
901019,'1489091',2000,,465,10,,,0,20,,465,26,0,6,0
901019,'1489092',2120,,466,10,,,0,20,,466,26,0,6,0
901019,'1492528',640,,482,10,,,0,60,,482,26,0,6,0
901019,'1492529',740,,483,10,,,0,60,,483,26,0,6,0
901019,'1492530',840,,484,10,,,0,60,,484,26,0,6,0
901019,'1492531',940,,485,10,,,0,60,,485,26,0,6,0
901019,'1492532',1040,,486,10,,,0,60,,486,26,0,6,0
901019,'1492533',1140,,487,10,,,0,60,,487,26,0,6,0
901019,'1492534',1240,,488,10,,,0,60,,488,26,0,6,0
901019,'1492535',1340,,489,10,,,0,60,,489,26,0,6,0
901019,'1492536',1440,,490,10,,,0,60,,490,26,0,6,0
901019,'1492537',1540,,491,10,,,0,60,,491,26,0,6,0
901019,'1492538',1640,,492,10,,,0,60,,492,26,0,6,0
901019,'1492539',1740,,493,10,,,0,60,,493,26,0,6,0
901019,'1492540',1840,,494,10,,,0,60,,494,26,0,6,0
901019,'1492541',2000,,495,10,,,0,20,,495,26,0,6,0
901019,'1492542',2120,,496,10,,,0,20,,496,26,0,6,0
902019,'1488257',1800,,500,10,,,0,20,,500,26,0,6,0
902019,'1489896',700,,503,10,,,0,20,,503,26,0,6,0
902019,'1489897',800,,504,10,,,0,20,,504,26,0,6,0
902019,'1489898',900,,505,10,,,0,20,,505,26,0,6,0
902019,'1489899',1000,,506,10,,,0,20,,506,26,0,6,0
902019,'1489900',1100,,507,10,,,0,20,,507,26,0,6,0
902019,'1489901',1200,,508,10,,,0,20,,508,26,0,6,0
902019,'1489902',1300,,509,10,,,0,20,,509,26,0,6,0
902019,'1489903',1400,,510,10,,,0,20,,510,26,0,6,0
902019,'1489904',1500,,511,10,,,0,20,,511,26,0,6,0
902019,'1489905',1600,,512,10,,,0,20,,512,26,0,6,0
902019,'1489906',1700,,513,10,,,0,20,,513,26,0,6,0
902019,'1492543',1920,,514,36,,,0,20,,514,52,0,6,0
902019,'1492544',2040,,515,36,,,0,60,,515,52,0,6,0
902019,'1492545',2200,,516,36,,,0,20,,516,52,0,6,0
902019,'1492546',840,,517,36,,,0,60,,517,52,0,6,0
902019,'1492547',1000,,518,36,,,0,20,,518,52,0,6,0
902019,'1492548',1120,,519,36,,,0,20,,519,52,0,6,0
902019,'1492549',1240,,520,36,,,0,60,,520,52,0,6,0
902019,'1492550',1400,,521,36,,,0,20,,521,52,0,6,0
902019,'1492551',1520,,522,36,,,0,20,,522,52,0,6,0
902019,'1492552',1640,,523,36,,,0,60,,523,52,0,6,0
902019,'1492553',1800,,524,36,,,0,20,,524,52,0,6,0
902019,'1492554',1920,,525,36,,,0,20,,525,52,0,6,0
902019,'1492555',2040,,526,36,,,0,60,,526,52,0,6,0
902019,'1492556',2200,,527,36,,,0,20,,527,52,0,6,0
903019,'1492557',720,,443,10,0,5,0,20,,443,26,,,0
903019,'1492558',820,,444,10,0,5,0,20,,444,26,,,0
903019,'1492559',920,,445,10,0,5,0,20,,445,26,,,0
903019,'1492560',1020,,446,10,0,5,0,20,,446,26,,,0
903019,'1492561',1120,,447,10,0,5,0,20,,447,26,,,0
903019,'1492562',1220,,448,10,0,5,0,20,,448,26,,,0
903019,'1492563',1320,,449,10,0,5,0,20,,449,26,,,0
903019,'1492564',1420,,450,10,0,5,0,20,,450,26,,,0
903019,'1492565',1520,,451,10,0,5,0,20,,451,26,,,0
903019,'1492566',1620,,452,10,0,5,0,20,,452,26,,,0
903019,'1492567',1720,,453,10,0,5,0,20,,453,26,,,0
