7019,'1489971',647,,113,12,0,7,0
7019,'1489972',727,,114,12,0,7,0
7019,'1489973',807,,115,12,0,7,0
7019,'1489974',847,,116,12,0,7,0
7019,'1489975',927,,117,12,0,7,0
7019,'1489976',1007,,118,12,0,7,0
7019,'1489983',1447,,119,12,0,7,0
7019,'1489984',1527,,120,12,0,7,0
7019,'1489985',1607,,121,12,0,7,0
7019,'1489986',1647,,122,12,0,7,0
7019,'1489987',1727,,123,12,0,7,0
7019,'1489988',1807,,124,12,0,7,0
7019,'1489995',807,,125,12,0,7,0
7019,'1489996',847,,126,12,0,7,0
7019,'1489997',927,,127,12,0,7,0
7019,'1489998',1007,,128,12,0,7,0
7019,'1489999',1047,,129,12,0,7,0
7019,'1490000',1127,,130,12,0,7,0
7019,'1490001',1207,,131,12,0,7,0
7019,'1490002',1247,,132,12,0,7,0
7019,'1490003',1327,,133,12,0,7,0
7019,'1490004',1407,,134,12,0,7,0
7019,'1490005',1447,,135,12,0,7,0
7019,'1490006',1527,,136,12,0,7,0
7019,'1490007',1607,,137,12,0,7,0
7019,'1490008',1647,,138,12,0,7,0
7019,'1490009',1727,,139,12,0,7,0
7019,'1490010',1807,,140,12,0,7,0
7019,'1492401',1247,,141,12,0,7,0
7019,'1492402',1327,,142,12,0,7,0
7019,'1492403',1407,,143,12,0,7,0
7019,'1492404',1647,,144,12,0,7,0
7019,'1492405',1727,,145,12,0,7,0
7019,'1492406',1807,,146,12,0,7,0
7019,'1492407',1247,,147,12,0,7,0
7019,'1492408',1327,,148,12,0,7,0
7019,'1492409',1407,,149,12,0,7,0
7019,'1492456',1047,,150,12,0,7,0
7019,'1492457',1127,,151,12,0,7,0
7019,'1492458',1207,,152,12,0,7,0
7019,'1492459',1447,,153,12,0,7,0
7019,'1492460',1527,,154,12,0,7,0
7019,'1492461',1607,,155,12,0,7,0
7019,'1492462',1047,,156,12,0,7,0
7019,'1492463',1127,,157,12,0,7,0
7019,'1492464',1207,,158,12,0,7,0
