7019,'1489971',640,,113,3,0,7,0
7019,'1489972',720,,114,3,0,7,0
7019,'1489973',800,,115,3,0,7,0
7019,'1489974',840,,116,3,0,7,0
7019,'1489975',920,,117,3,0,7,0
7019,'1489976',1000,,118,3,0,7,0
7019,'1489983',1440,,119,3,0,7,0
7019,'1489984',1520,,120,3,0,7,0
7019,'1489985',1600,,121,3,0,7,0
7019,'1489986',1640,,122,3,0,7,0
7019,'1489987',1720,,123,3,0,7,0
7019,'1489988',1800,,124,3,0,7,0
7019,'1489995',800,,125,3,0,7,0
7019,'1489996',840,,126,3,0,7,0
7019,'1489997',920,,127,3,0,7,0
7019,'1489998',1000,,128,3,0,7,0
7019,'1489999',1040,,129,3,0,7,0
7019,'1490000',1120,,130,3,0,7,0
7019,'1490001',1200,,131,3,0,7,0
7019,'1490002',1240,,132,3,0,7,0
7019,'1490003',1320,,133,3,0,7,0
7019,'1490004',1400,,134,3,0,7,0
7019,'1490005',1440,,135,3,0,7,0
7019,'1490006',1520,,136,3,0,7,0
7019,'1490007',1600,,137,3,0,7,0
7019,'1490008',1640,,138,3,0,7,0
7019,'1490009',1720,,139,3,0,7,0
7019,'1490010',1800,,140,3,0,7,0
7019,'1492401',1240,,141,3,0,7,0
7019,'1492402',1320,,142,3,0,7,0
7019,'1492403',1400,,143,3,0,7,0
7019,'1492404',1640,,144,3,0,7,0
7019,'1492405',1720,,145,3,0,7,0
7019,'1492406',1800,,146,3,0,7,0
7019,'1492407',1240,,147,3,0,7,0
7019,'1492408',1320,,148,3,0,7,0
7019,'1492409',1400,,149,3,0,7,0
7019,'1492456',1040,,150,3,0,7,0
7019,'1492457',1120,,151,3,0,7,0
7019,'1492458',1200,,152,3,0,7,0
7019,'1492459',1440,,153,3,0,7,0
7019,'1492460',1520,,154,3,0,7,0
7019,'1492461',1600,,155,3,0,7,0
7019,'1492462',1040,,156,3,0,7,0
7019,'1492463',1120,,157,3,0,7,0
7019,'1492464',1200,,158,3,0,7,0
