1019,'1482680',800,,3,7,0,18,0
1019,'1482681',840,,4,7,0,18,0
1019,'1482682',920,,5,7,0,18,0
1019,'1482683',1000,,6,7,0,18,0
1019,'1482684',1040,,7,7,0,18,0
1019,'1482685',1120,,8,7,0,18,0
1019,'1482686',1200,,9,7,0,18,0
1019,'1482687',1240,,10,7,0,18,0
1019,'1482688',1320,,11,7,0,18,0
1019,'1482689',1400,,12,7,0,18,0
1019,'1482690',1440,,13,7,0,18,0
1019,'1482691',1520,,14,7,0,18,0
1019,'1482692',1600,,15,7,0,18,0
1019,'1482693',1640,,16,7,0,18,0
1019,'1482694',1720,,17,7,0,18,0
1019,'1482695',1800,,18,7,0,18,0
1019,'1482696',1840,,19,7,0,18,0
1019,'1482697',1920,,20,7,0,18,0
1019,'1482698',2000,,21,7,0,18,0
1019,'1482699',2040,,22,7,0,18,0
1019,'1482700',2120,,23,7,0,18,0
1019,'1482701',2200,,24,7,0,18,0
2019,'1480619',623,,44,3,,,0
2019,'1486350',659,,45,32,,,0
2019,'1486351',739,,46,32,,,0
2019,'1486352',819,,47,32,,,0
2019,'1486353',859,,48,32,,,0
2019,'1486354',939,,49,32,,,0
2019,'1486355',1019,,50,32,,,0
2019,'1486356',1059,,51,32,,,0
2019,'1486357',1139,,52,32,,,0
2019,'1486358',1219,,53,32,,,0
2019,'1486359',1259,,54,32,,,0
2019,'1486360',1339,,55,32,,,0
2019,'1486361',1419,,56,32,,,0
2019,'1486362',1459,,57,32,,,0
2019,'1486363',1539,,58,32,,,0
2019,'1486364',1619,,59,32,,,0
2019,'1486365',1659,,60,32,,,0
2019,'1486366',1739,,61,32,,,0
2019,'1486958',1819,,62,32,,,0
