12019,'1492505',721,,184,14,0,12 13,0
12019,'1492506',821,,185,14,0,12 13,0
12019,'1492507',1121,,186,14,0,12 13,0
12019,'1492508',1221,,187,14,0,12 13,0
12019,'1492509',1521,,188,14,0,12 13,0
12019,'1492510',1621,,189,14,0,12 13,0
12019,'1492511',821,,190,14,0,12 13,0
12019,'1492512',1121,,191,14,0,12 13,0
12019,'1492513',1221,,192,14,0,12 13,0
12019,'1492514',1521,,193,14,0,12 13,0
12019,'1492515',1621,,194,14,0,12 13,0
12019,'1492516',921,,195,14,0,12 13,0
12019,'1492517',1021,,196,14,0,12 13,0
12019,'1492518',1321,,197,14,0,12 13,0
12019,'1492519',1421,,198,14,0,12 13,0
12019,'1492520',1721,,199,14,0,12 13,0
12019,'1492521',1821,,200,14,0,12 13,0
12019,'1492522',921,,201,14,0,12 13,0
12019,'1492523',1021,,202,14,0,12 13,0
12019,'1492524',1321,,203,14,0,12 13,0
12019,'1492525',1421,,204,14,0,12 13,0
12019,'1492526',1721,,205,14,0,12 13,0
12019,'1492527',1821,,206,14,0,12 13,0
