12019,'1492505',732,,184,27,0,12 13,0
12019,'1492506',832,,185,27,0,12 13,0
12019,'1492507',1132,,186,27,0,12 13,0
12019,'1492508',1232,,187,27,0,12 13,0
12019,'1492509',1532,,188,27,0,12 13,0
12019,'1492510',1632,,189,27,0,12 13,0
12019,'1492511',832,,190,27,0,12 13,0
12019,'1492512',1132,,191,27,0,12 13,0
12019,'1492513',1232,,192,27,0,12 13,0
12019,'1492514',1532,,193,27,0,12 13,0
12019,'1492515',1632,,194,27,0,12 13,0
12019,'1492516',932,,195,27,0,12 13,0
12019,'1492517',1032,,196,27,0,12 13,0
12019,'1492518',1332,,197,27,0,12 13,0
12019,'1492519',1432,,198,27,0,12 13,0
12019,'1492520',1732,,199,27,0,12 13,0
12019,'1492521',1832,,200,27,0,12 13,0
12019,'1492522',932,,201,27,0,12 13,0
12019,'1492523',1032,,202,27,0,12 13,0
12019,'1492524',1332,,203,27,0,12 13,0
12019,'1492525',1432,,204,27,0,12 13,0
12019,'1492526',1732,,205,27,0,12 13,0
12019,'1492527',1832,,206,27,0,12 13,0
