1019,'1482680',804,,3,11,0,18,0
1019,'1482681',844,,4,11,0,18,0
1019,'1482682',924,,5,11,0,18,0
1019,'1482683',1004,,6,11,0,18,0
1019,'1482684',1044,,7,11,0,18,0
1019,'1482685',1124,,8,11,0,18,0
1019,'1482686',1204,,9,11,0,18,0
1019,'1482687',1244,,10,11,0,18,0
1019,'1482688',1324,,11,11,0,18,0
1019,'1482689',1404,,12,11,0,18,0
1019,'1482690',1444,,13,11,0,18,0
1019,'1482691',1524,,14,11,0,18,0
1019,'1482692',1604,,15,11,0,18,0
1019,'1482693',1644,,16,11,0,18,0
1019,'1482694',1724,,17,11,0,18,0
1019,'1482695',1804,,18,11,0,18,0
1019,'1482696',1844,,19,11,0,18,0
1019,'1482697',1924,,20,11,0,18,0
1019,'1482698',2004,,21,11,0,18,0
1019,'1482699',2044,,22,11,0,18,0
1019,'1482700',2124,,23,11,0,18,0
1019,'1482701',2204,,24,11,0,18,0
