16019,'1488147',749,,287,8,0,9 10,0
16019,'1488148',849,,288,8,0,9 10,0
16019,'1488149',949,,289,8,0,9 10,0
16019,'1488162',1249,,290,8,0,9 10,0
16019,'1488163',1349,,291,8,0,9 10,0
16019,'1488164',1449,,292,8,0,9 10,0
16019,'1488165',1549,,293,8,0,9 10,0
16019,'1488166',1649,,294,8,0,9 10,0
16019,'1488167',1749,,295,8,0,9 10,0
16019,'1492416',1049,,296,8,0,9 10,0
16019,'1492417',1149,,297,8,0,9 10,0
16019,'1492418',1049,,298,8,0,9 10,0
16019,'1492419',1149,,299,8,0,9 10,0
16019,'1492420',1449,,300,8,0,9 10,0
16019,'1492421',1549,,301,8,0,9 10,0
16019,'1492471',849,,302,8,0,9 10,0
16019,'1492472',949,,303,8,0,9 10,0
16019,'1492473',1649,,304,8,0,9 10,0
16019,'1492474',1749,,305,8,0,9 10,0
16019,'1492475',1249,,306,8,0,9 10,0
16019,'1492476',1349,,307,8,0,9 10,0
