2019,'1480619',627,,44,9,,,0
2019,'1486350',706,,45,38,,,0
2019,'1486351',746,,46,38,,,0
2019,'1486352',826,,47,38,,,0
2019,'1486353',906,,48,38,,,0
2019,'1486354',946,,49,38,,,0
2019,'1486355',1026,,50,38,,,0
2019,'1486356',1106,,51,38,,,0
2019,'1486357',1146,,52,38,,,0
2019,'1486358',1226,,53,38,,,0
2019,'1486359',1306,,54,38,,,0
2019,'1486360',1346,,55,38,,,0
2019,'1486361',1426,,56,38,,,0
2019,'1486362',1506,,57,38,,,0
2019,'1486363',1546,,58,38,,,0
2019,'1486364',1626,,59,38,,,0
2019,'1486365',1706,,60,38,,,0
2019,'1486366',1746,,61,38,,,0
2019,'1486958',1826,,62,38,,,0
30000019,'1486494',1010,,528,27,,,0
30000019,'1486495',1110,,529,27,,,0
30000019,'1486496',1210,,530,27,,,0
30000019,'1486497',1310,,531,27,,,0
30000019,'1486498',1410,,532,27,,,0
30000019,'1486499',1510,,533,27,,,0
30000019,'1486500',1610,,534,27,,,0
30000019,'1486501',1710,,535,27,,,0
