7019,'1489971',653,,113,16,0,7,0
7019,'1489972',733,,114,16,0,7,0
7019,'1489973',813,,115,16,0,7,0
7019,'1489974',853,,116,16,0,7,0
7019,'1489975',933,,117,16,0,7,0
7019,'1489976',1013,,118,16,0,7,0
7019,'1489983',1453,,119,16,0,7,0
7019,'1489984',1533,,120,16,0,7,0
7019,'1489985',1613,,121,16,0,7,0
7019,'1489986',1653,,122,16,0,7,0
7019,'1489987',1733,,123,16,0,7,0
7019,'1489988',1813,,124,16,0,7,0
7019,'1489995',813,,125,16,0,7,0
7019,'1489996',853,,126,16,0,7,0
7019,'1489997',933,,127,16,0,7,0
7019,'1489998',1013,,128,16,0,7,0
7019,'1489999',1053,,129,16,0,7,0
7019,'1490000',1133,,130,16,0,7,0
7019,'1490001',1213,,131,16,0,7,0
7019,'1490002',1253,,132,16,0,7,0
7019,'1490003',1333,,133,16,0,7,0
7019,'1490004',1413,,134,16,0,7,0
7019,'1490005',1453,,135,16,0,7,0
7019,'1490006',1533,,136,16,0,7,0
7019,'1490007',1613,,137,16,0,7,0
7019,'1490008',1653,,138,16,0,7,0
7019,'1490009',1733,,139,16,0,7,0
7019,'1490010',1813,,140,16,0,7,0
7019,'1492401',1253,,141,16,0,7,0
7019,'1492402',1333,,142,16,0,7,0
7019,'1492403',1413,,143,16,0,7,0
7019,'1492404',1653,,144,16,0,7,0
7019,'1492405',1733,,145,16,0,7,0
7019,'1492406',1813,,146,16,0,7,0
7019,'1492407',1253,,147,16,0,7,0
7019,'1492408',1333,,148,16,0,7,0
7019,'1492409',1413,,149,16,0,7,0
7019,'1492456',1053,,150,16,0,7,0
7019,'1492457',1133,,151,16,0,7,0
7019,'1492458',1213,,152,16,0,7,0
7019,'1492459',1453,,153,16,0,7,0
7019,'1492460',1533,,154,16,0,7,0
7019,'1492461',1613,,155,16,0,7,0
7019,'1492462',1053,,156,16,0,7,0
7019,'1492463',1133,,157,16,0,7,0
7019,'1492464',1213,,158,16,0,7,0
