16019,'1488147',752,,287,11,0,9 10,0
16019,'1488148',852,,288,11,0,9 10,0
16019,'1488149',952,,289,11,0,9 10,0
16019,'1488162',1252,,290,11,0,9 10,0
16019,'1488163',1352,,291,11,0,9 10,0
16019,'1488164',1452,,292,11,0,9 10,0
16019,'1488165',1552,,293,11,0,9 10,0
16019,'1488166',1652,,294,11,0,9 10,0
16019,'1488167',1752,,295,11,0,9 10,0
16019,'1492416',1052,,296,11,0,9 10,0
16019,'1492417',1152,,297,11,0,9 10,0
16019,'1492418',1052,,298,11,0,9 10,0
16019,'1492419',1152,,299,11,0,9 10,0
16019,'1492420',1452,,300,11,0,9 10,0
16019,'1492421',1552,,301,11,0,9 10,0
16019,'1492471',852,,302,11,0,9 10,0
16019,'1492472',952,,303,11,0,9 10,0
16019,'1492473',1652,,304,11,0,9 10,0
16019,'1492474',1752,,305,11,0,9 10,0
16019,'1492475',1252,,306,11,0,9 10,0
16019,'1492476',1352,,307,11,0,9 10,0
