16019,'1488147',748,,287,7,0,9 10,0
16019,'1488148',848,,288,7,0,9 10,0
16019,'1488149',948,,289,7,0,9 10,0
16019,'1488162',1248,,290,7,0,9 10,0
16019,'1488163',1348,,291,7,0,9 10,0
16019,'1488164',1448,,292,7,0,9 10,0
16019,'1488165',1548,,293,7,0,9 10,0
16019,'1488166',1648,,294,7,0,9 10,0
16019,'1488167',1748,,295,7,0,9 10,0
16019,'1492416',1048,,296,7,0,9 10,0
16019,'1492417',1148,,297,7,0,9 10,0
16019,'1492418',1048,,298,7,0,9 10,0
16019,'1492419',1148,,299,7,0,9 10,0
16019,'1492420',1448,,300,7,0,9 10,0
16019,'1492421',1548,,301,7,0,9 10,0
16019,'1492471',848,,302,7,0,9 10,0
16019,'1492472',948,,303,7,0,9 10,0
16019,'1492473',1648,,304,7,0,9 10,0
16019,'1492474',1748,,305,7,0,9 10,0
16019,'1492475',1248,,306,7,0,9 10,0
16019,'1492476',1348,,307,7,0,9 10,0
