7019,'1482898',628,,111,3,0,8,0
7019,'1482899',748,,112,3,0,8,0
12019,'1482623',658,,170,3,0,8,0
12019,'1482624',758,,171,3,0,8,0
16019,'1488147',756,,287,14,0,9 10,0
16019,'1488148',856,,288,14,0,9 10,0
16019,'1488149',956,,289,14,0,9 10,0
16019,'1488162',1256,,290,14,0,9 10,0
16019,'1488163',1356,,291,14,0,9 10,0
16019,'1488164',1456,,292,14,0,9 10,0
16019,'1488165',1556,,293,14,0,9 10,0
16019,'1488166',1656,,294,14,0,9 10,0
16019,'1488167',1756,,295,14,0,9 10,0
16019,'1492416',1056,,296,14,0,9 10,0
16019,'1492417',1156,,297,14,0,9 10,0
16019,'1492418',1056,,298,14,0,9 10,0
16019,'1492419',1156,,299,14,0,9 10,0
16019,'1492420',1456,,300,14,0,9 10,0
16019,'1492421',1556,,301,14,0,9 10,0
16019,'1492471',856,,302,14,0,9 10,0
16019,'1492472',956,,303,14,0,9 10,0
16019,'1492473',1656,,304,14,0,9 10,0
16019,'1492474',1756,,305,14,0,9 10,0
16019,'1492475',1256,,306,14,0,9 10,0
16019,'1492476',1356,,307,14,0,9 10,0
