14019,'1489925',642,,209,16,,,0
14019,'1489926',722,,210,16,,,0
14019,'1489927',802,,211,16,,,0
14019,'1489928',842,,212,16,,,0
14019,'1489929',922,,213,16,,,0
14019,'1489930',1002,,214,16,,,0
14019,'1489931',1042,,215,16,,,0
14019,'1489932',1122,,216,16,,,0
14019,'1489933',1202,,217,16,,,0
14019,'1489934',1242,,218,16,,,0
14019,'1489935',1322,,219,16,,,0
14019,'1489936',1402,,220,16,,,0
14019,'1489937',1442,,221,16,,,0
14019,'1489938',1522,,222,16,,,0
14019,'1489939',1602,,223,16,,,0
14019,'1489940',1642,,224,16,,,0
14019,'1489941',1722,,225,16,,,0
14019,'1489942',1802,,226,16,,,0
14019,'1489943',1842,,227,16,,,0
14019,'1489944',1922,,228,16,,,0
14019,'1489945',2002,,229,16,,,0
14019,'1489946',2042,,230,16,,,0
14019,'1489947',2122,,231,16,,,0
14019,'1489948',2202,,232,16,,,0
14019,'1489949',802,,233,16,,,0
14019,'1489950',842,,234,16,,,0
14019,'1489951',922,,235,16,,,0
14019,'1489952',1002,,236,16,,,0
14019,'1489953',1042,,237,16,,,0
14019,'1489954',1122,,238,16,,,0
14019,'1489955',1202,,239,16,,,0
14019,'1489956',1242,,240,16,,,0
14019,'1489957',1322,,241,16,,,0
14019,'1489958',1402,,242,16,,,0
14019,'1489959',1442,,243,16,,,0
14019,'1489960',1522,,244,16,,,0
14019,'1489961',1602,,245,16,,,0
14019,'1489962',1642,,246,16,,,0
14019,'1489963',1722,,247,16,,,0
14019,'1489964',1802,,248,16,,,0
14019,'1489965',1842,,249,16,,,0
14019,'1489966',1922,,250,16,,,0
14019,'1489967',2002,,251,16,,,0
14019,'1489968',2042,,252,16,,,0
14019,'1489969',2122,,253,16,,,0
14019,'1489970',2202,,254,16,,,0
