2019,'1486350',646,,45,22,,,0
2019,'1486351',726,,46,22,,,0
2019,'1486352',806,,47,22,,,0
2019,'1486353',846,,48,22,,,0
2019,'1486354',926,,49,22,,,0
2019,'1486355',1006,,50,22,,,0
2019,'1486356',1046,,51,22,,,0
2019,'1486357',1126,,52,22,,,0
2019,'1486358',1206,,53,22,,,0
2019,'1486359',1246,,54,22,,,0
2019,'1486360',1326,,55,22,,,0
2019,'1486361',1406,,56,22,,,0
2019,'1486362',1446,,57,22,,,0
2019,'1486363',1526,,58,22,,,0
2019,'1486364',1606,,59,22,,,0
2019,'1486365',1646,,60,22,,,0
2019,'1486366',1726,,61,22,,,0
2019,'1486958',1806,,62,22,,,0
4019,'1480746',627,,63,6,,,0
4019,'1480747',747,,64,6,,,0
15019,'1480582',627,,255,8,0,6,0
15019,'1480583',827,,256,8,0,6,0
902019,'1488258',647,,501,5,0,6,0
902019,'1488259',747,,502,5,0,6,0
