1019,'1485865',642,,26,13,0,11,0
1019,'1485866',722,,27,13,0,11,0
1019,'1485867',802,,28,13,0,11,0
1019,'1485868',842,,29,13,0,11,0
1019,'1485869',922,,30,13,0,11,0
1019,'1485870',1002,,31,13,0,11,0
1019,'1485871',1042,,32,13,0,11,0
1019,'1485872',1122,,33,13,0,11,0
1019,'1485873',1202,,34,13,0,11,0
1019,'1485874',1242,,35,13,0,11,0
1019,'1485875',1322,,36,13,0,11,0
1019,'1485876',1402,,37,13,0,11,0
1019,'1485877',1442,,38,13,0,11,0
1019,'1485878',1522,,39,13,0,11,0
1019,'1485879',1602,,40,13,0,11,0
1019,'1485880',1642,,41,13,0,11,0
1019,'1485881',1722,,42,13,0,11,0
1019,'1485882',1802,,43,13,0,11,0
10019,'1483448',642,,161,8,0,5,0
10019,'1483449',1522,,162,8,0,5,0
