15019,'1484063',646,,257,16,,,0
15019,'1484064',746,,258,16,,,0
15019,'1484065',846,,259,16,,,0
15019,'1484066',946,,260,16,,,0
15019,'1484067',1046,,261,16,,,0
15019,'1484068',1146,,262,16,,,0
15019,'1484069',1246,,263,16,,,0
15019,'1484070',1346,,264,16,,,0
15019,'1484071',1446,,265,16,,,0
15019,'1484072',1546,,266,16,,,0
15019,'1484073',1646,,267,16,,,0
15019,'1484074',1746,,268,16,,,0
15019,'1489344',1846,,269,16,,,0
15019,'1489345',1946,,270,16,,,0
15019,'1489346',2046,,271,16,,,0
15019,'1489347',2146,,272,16,,,0
15019,'1489348',846,,273,16,,,0
15019,'1489349',946,,274,16,,,0
15019,'1489350',1046,,275,16,,,0
15019,'1489351',1146,,276,16,,,0
15019,'1489352',1246,,277,16,,,0
15019,'1489353',1346,,278,16,,,0
15019,'1489354',1446,,279,16,,,0
15019,'1489355',1546,,280,16,,,0
15019,'1489356',1646,,281,16,,,0
15019,'1489357',1746,,282,16,,,0
15019,'1489358',1846,,283,16,,,0
15019,'1489359',1946,,284,16,,,0
15019,'1489360',2046,,285,16,,,0
15019,'1489361',2146,,286,16,,,0
