93019,'1492477',730,,432,18,,,0
93019,'1492478',830,,433,18,,,0
93019,'1492479',930,,434,18,,,0
93019,'1492480',1030,,435,18,,,0
93019,'1492481',1130,,436,18,,,0
93019,'1492482',1230,,437,18,,,0
93019,'1492483',1330,,438,18,,,0
93019,'1492484',1430,,439,18,,,0
93019,'1492485',1530,,440,18,,,0
93019,'1492486',1630,,441,18,,,0
93019,'1492487',1730,,442,18,,,0
93019,'1492557',730,,443,18,,,0
93019,'1492558',830,,444,18,,,0
93019,'1492559',930,,445,18,,,0
93019,'1492560',1030,,446,18,,,0
93019,'1492561',1130,,447,18,,,0
93019,'1492562',1230,,448,18,,,0
93019,'1492563',1330,,449,18,,,0
93019,'1492564',1430,,450,18,,,0
93019,'1492565',1530,,451,18,,,0
93019,'1492566',1630,,452,18,,,0
93019,'1492567',1730,,453,18,,,0
901019,'1489247',1850,,467,18,0,6,0
901019,'1489248',2010,,468,18,0,6,0
901019,'1489249',2130,,469,18,0,6,0
901019,'1492540',1850,,494,18,0,6,0
901019,'1492541',2010,,495,18,0,6,0
901019,'1492542',2130,,496,18,0,6,0
