901019,'1489082',755,,456,6,,,0
901019,'1489083',915,,457,6,,,0
901019,'1489084',1035,,458,6,,,0
901019,'1489085',1155,,459,6,,,0
901019,'1489086',1315,,460,6,,,0
901019,'1489087',1435,,461,6,,,0
901019,'1489088',1555,,462,6,,,0
901019,'1489089',1715,,463,6,,,0
901019,'1489090',1835,,464,6,,,0
901019,'1489091',1955,,465,6,,,0
901019,'1489092',2115,,466,6,,,0
901019,'1489247',1835,,467,6,,,0
901019,'1489248',1955,,468,6,,,0
901019,'1489249',2115,,469,6,,,0
901019,'1489884',635,,470,6,,,0
901019,'1489885',735,,471,6,,,0
901019,'1489886',835,,472,6,,,0
901019,'1489887',935,,473,6,,,0
901019,'1489888',1035,,474,6,,,0
901019,'1489889',1135,,475,6,,,0
901019,'1489890',1235,,476,6,,,0
901019,'1489891',1335,,477,6,,,0
901019,'1489892',1435,,478,6,,,0
901019,'1489893',1535,,479,6,,,0
901019,'1489894',1635,,480,6,,,0
901019,'1489895',1735,,481,6,,,0
901019,'1492528',635,,482,6,,,0
901019,'1492529',735,,483,6,,,0
901019,'1492530',835,,484,6,,,0
901019,'1492531',935,,485,6,,,0
901019,'1492532',1035,,486,6,,,0
901019,'1492533',1135,,487,6,,,0
901019,'1492534',1235,,488,6,,,0
901019,'1492535',1335,,489,6,,,0
901019,'1492536',1435,,490,6,,,0
901019,'1492537',1535,,491,6,,,0
901019,'1492538',1635,,492,6,,,0
901019,'1492539',1735,,493,6,,,0
901019,'1492540',1835,,494,6,,,0
901019,'1492541',1955,,495,6,,,0
901019,'1492542',2115,,496,6,,,0
902019,'1488205',1915,,497,32,,,0
902019,'1488206',2035,,498,32,,,0
902019,'1488207',2155,,499,32,,,0
902019,'1488257',1755,,500,6,,,0
902019,'1489896',655,,503,6,,,0
902019,'1489897',755,,504,6,,,0
902019,'1489898',855,,505,6,,,0
902019,'1489899',955,,506,6,,,0
902019,'1489900',1055,,507,6,,,0
902019,'1489901',1155,,508,6,,,0
902019,'1489902',1255,,509,6,,,0
902019,'1489903',1355,,510,6,,,0
902019,'1489904',1455,,511,6,,,0
902019,'1489905',1555,,512,6,,,0
902019,'1489906',1655,,513,6,,,0
902019,'1492543',1915,,514,32,,,0
902019,'1492544',2035,,515,32,,,0
902019,'1492545',2155,,516,32,,,0
902019,'1492546',835,,517,32,,,0
902019,'1492547',955,,518,32,,,0
902019,'1492548',1115,,519,32,,,0
902019,'1492549',1235,,520,32,,,0
902019,'1492550',1355,,521,32,,,0
902019,'1492551',1515,,522,32,,,0
902019,'1492552',1635,,523,32,,,0
902019,'1492553',1755,,524,32,,,0
902019,'1492554',1915,,525,32,,,0
902019,'1492555',2035,,526,32,,,0
902019,'1492556',2155,,527,32,,,0
903019,'1492477',715,,432,6,0,5,0
903019,'1492478',815,,433,6,0,5,0
903019,'1492479',915,,434,6,0,5,0
903019,'1492480',1015,,435,6,0,5,0
903019,'1492481',1115,,436,6,0,5,0
903019,'1492482',1215,,437,6,0,5,0
903019,'1492483',1315,,438,6,0,5,0
903019,'1492484',1415,,439,6,0,5,0
903019,'1492485',1515,,440,6,0,5,0
903019,'1492486',1615,,441,6,0,5,0
903019,'1492487',1715,,442,6,0,5,0
903019,'1492557',715,,443,6,0,5,0
903019,'1492558',815,,444,6,0,5,0
903019,'1492559',915,,445,6,0,5,0
903019,'1492560',1015,,446,6,0,5,0
903019,'1492561',1115,,447,6,0,5,0
903019,'1492562',1215,,448,6,0,5,0
903019,'1492563',1315,,449,6,0,5,0
903019,'1492564',1415,,450,6,0,5,0
903019,'1492565',1515,,451,6,0,5,0
903019,'1492566',1615,,452,6,0,5,0
903019,'1492567',1715,,453,6,0,5,0
