15019,'1484063',701,,257,36,,,0
15019,'1484064',801,,258,36,,,0
15019,'1484065',901,,259,36,,,0
15019,'1484066',1001,,260,36,,,0
15019,'1484067',1101,,261,36,,,0
15019,'1484068',1201,,262,36,,,0
15019,'1484069',1301,,263,36,,,0
15019,'1484070',1401,,264,36,,,0
15019,'1484071',1501,,265,36,,,0
15019,'1484072',1601,,266,36,,,0
15019,'1484073',1701,,267,36,,,0
15019,'1484074',1801,,268,36,,,0
15019,'1489344',1901,,269,36,,,0
15019,'1489345',2001,,270,36,,,0
15019,'1489346',2101,,271,36,,,0
15019,'1489347',2201,,272,36,,,0
15019,'1489348',901,,273,36,,,0
15019,'1489349',1001,,274,36,,,0
15019,'1489350',1101,,275,36,,,0
15019,'1489351',1201,,276,36,,,0
15019,'1489352',1301,,277,36,,,0
15019,'1489353',1401,,278,36,,,0
15019,'1489354',1501,,279,36,,,0
15019,'1489355',1601,,280,36,,,0
15019,'1489356',1701,,281,36,,,0
15019,'1489357',1801,,282,36,,,0
15019,'1489358',1901,,283,36,,,0
15019,'1489359',2001,,284,36,,,0
15019,'1489360',2101,,285,36,,,0
15019,'1489361',2201,,286,36,,,0
