15019,'1484063',632,,257,2,,,0
15019,'1484064',732,,258,2,,,0
15019,'1484065',832,,259,2,,,0
15019,'1484066',932,,260,2,,,0
15019,'1484067',1032,,261,2,,,0
15019,'1484068',1132,,262,2,,,0
15019,'1484069',1232,,263,2,,,0
15019,'1484070',1332,,264,2,,,0
15019,'1484071',1432,,265,2,,,0
15019,'1484072',1532,,266,2,,,0
15019,'1484073',1632,,267,2,,,0
15019,'1484074',1732,,268,2,,,0
15019,'1489344',1832,,269,2,,,0
15019,'1489345',1932,,270,2,,,0
15019,'1489346',2032,,271,2,,,0
15019,'1489347',2132,,272,2,,,0
15019,'1489348',832,,273,2,,,0
15019,'1489349',932,,274,2,,,0
15019,'1489350',1032,,275,2,,,0
15019,'1489351',1132,,276,2,,,0
15019,'1489352',1232,,277,2,,,0
15019,'1489353',1332,,278,2,,,0
15019,'1489354',1432,,279,2,,,0
15019,'1489355',1532,,280,2,,,0
15019,'1489356',1632,,281,2,,,0
15019,'1489357',1732,,282,2,,,0
15019,'1489358',1832,,283,2,,,0
15019,'1489359',1932,,284,2,,,0
15019,'1489360',2032,,285,2,,,0
15019,'1489361',2132,,286,2,,,0
19019,'1489098',632,,308,2,,,0
19019,'1489099',712,,309,2,,,0
19019,'1489100',752,,310,2,,,0
19019,'1489101',832,,311,2,,,0
19019,'1489102',912,,312,2,,,0
19019,'1489103',952,,313,2,,,0
19019,'1489104',1032,,314,2,,,0
19019,'1489105',1112,,315,2,,,0
19019,'1489106',1152,,316,2,,,0
19019,'1489107',1232,,317,2,,,0
19019,'1489108',1312,,318,2,,,0
19019,'1489109',1352,,319,2,,,0
19019,'1489110',1432,,320,2,,,0
19019,'1489111',1512,,321,2,,,0
19019,'1489112',1552,,322,2,,,0
19019,'1489113',1632,,323,2,,,0
19019,'1489114',1712,,324,2,,,0
19019,'1489115',1752,,325,2,,,0
19019,'1489116',652,,326,2,,,0
19019,'1489117',732,,327,2,,,0
19019,'1489118',812,,328,2,,,0
19019,'1489119',852,,329,2,,,0
19019,'1489120',932,,330,2,,,0
19019,'1489121',1012,,331,2,,,0
19019,'1489122',1052,,332,2,,,0
19019,'1489123',1132,,333,2,,,0
19019,'1489124',1212,,334,2,,,0
19019,'1489125',1252,,335,2,,,0
19019,'1489126',1332,,336,2,,,0
19019,'1489127',1412,,337,2,,,0
19019,'1489128',1452,,338,2,,,0
19019,'1489129',1532,,339,2,,,0
19019,'1489130',1612,,340,2,,,0
19019,'1489131',1652,,341,2,,,0
19019,'1489132',1732,,342,2,,,0
20019,'1492422',631,,378,2,,,0
20019,'1492423',711,,379,2,,,0
20019,'1492424',751,,380,2,,,0
20019,'1492425',831,,381,2,,,0
20019,'1492426',911,,382,2,,,0
20019,'1492427',951,,383,2,,,0
20019,'1492428',1031,,384,2,,,0
20019,'1492429',1111,,385,2,,,0
20019,'1492430',1151,,386,2,,,0
20019,'1492431',1231,,387,2,,,0
20019,'1492432',1311,,388,2,,,0
20019,'1492433',1351,,389,2,,,0
20019,'1492434',1431,,390,2,,,0
20019,'1492435',1511,,391,2,,,0
20019,'1492436',1551,,392,2,,,0
20019,'1492437',1631,,393,2,,,0
20019,'1492438',1711,,394,2,,,0
20019,'1492439',1751,,395,2,,,0
20019,'1492440',751,,396,2,,,0
20019,'1492441',831,,397,2,,,0
20019,'1492442',911,,398,2,,,0
20019,'1492443',951,,399,2,,,0
20019,'1492444',1031,,400,2,,,0
20019,'1492445',1111,,401,2,,,0
20019,'1492446',1151,,402,2,,,0
20019,'1492447',1231,,403,2,,,0
20019,'1492448',1311,,404,2,,,0
20019,'1492449',1351,,405,2,,,0
20019,'1492450',1431,,406,2,,,0
20019,'1492451',1511,,407,2,,,0
20019,'1492452',1551,,408,2,,,0
20019,'1492453',1631,,409,2,,,0
20019,'1492454',1711,,410,2,,,0
20019,'1492455',1751,,411,2,,,0
