2019,'1486350',638,,45,11,,,0
2019,'1486351',718,,46,11,,,0
2019,'1486352',758,,47,11,,,0
2019,'1486353',838,,48,11,,,0
2019,'1486354',918,,49,11,,,0
2019,'1486355',958,,50,11,,,0
2019,'1486356',1038,,51,11,,,0
2019,'1486357',1118,,52,11,,,0
2019,'1486358',1158,,53,11,,,0
2019,'1486359',1238,,54,11,,,0
2019,'1486360',1318,,55,11,,,0
2019,'1486361',1358,,56,11,,,0
2019,'1486362',1438,,57,11,,,0
2019,'1486363',1518,,58,11,,,0
2019,'1486364',1558,,59,11,,,0
2019,'1486365',1638,,60,11,,,0
2019,'1486366',1718,,61,11,,,0
2019,'1486958',1758,,62,11,,,0
