1019,'1482680',800,,3,6,0,18,0
1019,'1482681',840,,4,6,0,18,0
1019,'1482682',920,,5,6,0,18,0
1019,'1482683',1000,,6,6,0,18,0
1019,'1482684',1040,,7,6,0,18,0
1019,'1482685',1120,,8,6,0,18,0
1019,'1482686',1200,,9,6,0,18,0
1019,'1482687',1240,,10,6,0,18,0
1019,'1482688',1320,,11,6,0,18,0
1019,'1482689',1400,,12,6,0,18,0
1019,'1482690',1440,,13,6,0,18,0
1019,'1482691',1520,,14,6,0,18,0
1019,'1482692',1600,,15,6,0,18,0
1019,'1482693',1640,,16,6,0,18,0
1019,'1482694',1720,,17,6,0,18,0
1019,'1482695',1800,,18,6,0,18,0
1019,'1482696',1840,,19,6,0,18,0
1019,'1482697',1920,,20,6,0,18,0
1019,'1482698',2000,,21,6,0,18,0
1019,'1482699',2040,,22,6,0,18,0
1019,'1482700',2120,,23,6,0,18,0
1019,'1482701',2200,,24,6,0,18,0
2019,'1480619',622,,44,2,,,0
2019,'1486350',658,,45,31,,,0
2019,'1486351',738,,46,31,,,0
2019,'1486352',818,,47,31,,,0
2019,'1486353',858,,48,31,,,0
2019,'1486354',938,,49,31,,,0
2019,'1486355',1018,,50,31,,,0
2019,'1486356',1058,,51,31,,,0
2019,'1486357',1138,,52,31,,,0
2019,'1486358',1218,,53,31,,,0
2019,'1486359',1258,,54,31,,,0
2019,'1486360',1338,,55,31,,,0
2019,'1486361',1418,,56,31,,,0
2019,'1486362',1458,,57,31,,,0
2019,'1486363',1538,,58,31,,,0
2019,'1486364',1618,,59,31,,,0
2019,'1486365',1658,,60,31,,,0
2019,'1486366',1738,,61,31,,,0
2019,'1486958',1818,,62,31,,,0
