20019,'1492422',632,,378,4,,,0
20019,'1492423',712,,379,4,,,0
20019,'1492424',752,,380,4,,,0
20019,'1492425',832,,381,4,,,0
20019,'1492426',912,,382,4,,,0
20019,'1492427',952,,383,4,,,0
20019,'1492428',1032,,384,4,,,0
20019,'1492429',1112,,385,4,,,0
20019,'1492430',1152,,386,4,,,0
20019,'1492431',1232,,387,4,,,0
20019,'1492432',1312,,388,4,,,0
20019,'1492433',1352,,389,4,,,0
20019,'1492434',1432,,390,4,,,0
20019,'1492435',1512,,391,4,,,0
20019,'1492436',1552,,392,4,,,0
20019,'1492437',1632,,393,4,,,0
20019,'1492438',1712,,394,4,,,0
20019,'1492439',1752,,395,4,,,0
20019,'1492440',752,,396,4,,,0
20019,'1492441',832,,397,4,,,0
20019,'1492442',912,,398,4,,,0
20019,'1492443',952,,399,4,,,0
20019,'1492444',1032,,400,4,,,0
20019,'1492445',1112,,401,4,,,0
20019,'1492446',1152,,402,4,,,0
20019,'1492447',1232,,403,4,,,0
20019,'1492448',1312,,404,4,,,0
20019,'1492449',1352,,405,4,,,0
20019,'1492450',1432,,406,4,,,0
20019,'1492451',1512,,407,4,,,0
20019,'1492452',1552,,408,4,,,0
20019,'1492453',1632,,409,4,,,0
20019,'1492454',1712,,410,4,,,0
20019,'1492455',1752,,411,4,,,0
