1019,'1482680',820,,3,27,0,11,0
1019,'1482681',900,,4,27,0,11,0
1019,'1482682',940,,5,27,0,11,0
1019,'1482683',1020,,6,27,0,11,0
1019,'1482684',1100,,7,27,0,11,0
1019,'1482685',1140,,8,27,0,11,0
1019,'1482686',1220,,9,27,0,11,0
1019,'1482687',1300,,10,27,0,11,0
1019,'1482688',1340,,11,27,0,11,0
1019,'1482689',1420,,12,27,0,11,0
1019,'1482690',1500,,13,27,0,11,0
1019,'1482691',1540,,14,27,0,11,0
1019,'1482692',1620,,15,27,0,11,0
1019,'1482693',1700,,16,27,0,11,0
1019,'1482694',1740,,17,27,0,11,0
1019,'1482695',1820,,18,27,0,11,0
1019,'1482696',1900,,19,27,0,11,0
1019,'1482697',1940,,20,27,0,11,0
1019,'1482698',2020,,21,27,0,11,0
1019,'1482699',2100,,22,27,0,11,0
1019,'1482700',2140,,23,27,0,11,0
1019,'1482701',2220,,24,27,0,11,0
1019,'1485865',658,,26,30,0,11,0
1019,'1485866',738,,27,30,0,11,0
1019,'1485867',818,,28,30,0,11,0
1019,'1485868',858,,29,30,0,11,0
1019,'1485869',938,,30,30,0,11,0
1019,'1485870',1018,,31,30,0,11,0
1019,'1485871',1058,,32,30,0,11,0
1019,'1485872',1138,,33,30,0,11,0
1019,'1485873',1218,,34,30,0,11,0
1019,'1485874',1258,,35,30,0,11,0
1019,'1485875',1338,,36,30,0,11,0
1019,'1485876',1418,,37,30,0,11,0
1019,'1485877',1458,,38,30,0,11,0
1019,'1485878',1538,,39,30,0,11,0
1019,'1485879',1618,,40,30,0,11,0
1019,'1485880',1658,,41,30,0,11,0
1019,'1485881',1738,,42,30,0,11,0
1019,'1485882',1818,,43,30,0,11,0
