20019,'1492422',635,,378,5,,,0
20019,'1492423',715,,379,5,,,0
20019,'1492424',755,,380,5,,,0
20019,'1492425',835,,381,5,,,0
20019,'1492426',915,,382,5,,,0
20019,'1492427',955,,383,5,,,0
20019,'1492428',1035,,384,5,,,0
20019,'1492429',1115,,385,5,,,0
20019,'1492430',1155,,386,5,,,0
20019,'1492431',1235,,387,5,,,0
20019,'1492432',1315,,388,5,,,0
20019,'1492433',1355,,389,5,,,0
20019,'1492434',1435,,390,5,,,0
20019,'1492435',1515,,391,5,,,0
20019,'1492436',1555,,392,5,,,0
20019,'1492437',1635,,393,5,,,0
20019,'1492438',1715,,394,5,,,0
20019,'1492439',1755,,395,5,,,0
20019,'1492440',755,,396,5,,,0
20019,'1492441',835,,397,5,,,0
20019,'1492442',915,,398,5,,,0
20019,'1492443',955,,399,5,,,0
20019,'1492444',1035,,400,5,,,0
20019,'1492445',1115,,401,5,,,0
20019,'1492446',1155,,402,5,,,0
20019,'1492447',1235,,403,5,,,0
20019,'1492448',1315,,404,5,,,0
20019,'1492449',1355,,405,5,,,0
20019,'1492450',1435,,406,5,,,0
20019,'1492451',1515,,407,5,,,0
20019,'1492452',1555,,408,5,,,0
20019,'1492453',1635,,409,5,,,0
20019,'1492454',1715,,410,5,,,0
20019,'1492455',1755,,411,5,,,0
