12019,'1492505',730,,184,23,0,12 13,0
12019,'1492506',830,,185,23,0,12 13,0
12019,'1492507',1130,,186,23,0,12 13,0
12019,'1492508',1230,,187,23,0,12 13,0
12019,'1492509',1530,,188,23,0,12 13,0
12019,'1492510',1630,,189,23,0,12 13,0
12019,'1492511',830,,190,23,0,12 13,0
12019,'1492512',1130,,191,23,0,12 13,0
12019,'1492513',1230,,192,23,0,12 13,0
12019,'1492514',1530,,193,23,0,12 13,0
12019,'1492515',1630,,194,23,0,12 13,0
12019,'1492516',930,,195,23,0,12 13,0
12019,'1492517',1030,,196,23,0,12 13,0
12019,'1492518',1330,,197,23,0,12 13,0
12019,'1492519',1430,,198,23,0,12 13,0
12019,'1492520',1730,,199,23,0,12 13,0
12019,'1492521',1830,,200,23,0,12 13,0
12019,'1492522',930,,201,23,0,12 13,0
12019,'1492523',1030,,202,23,0,12 13,0
12019,'1492524',1330,,203,23,0,12 13,0
12019,'1492525',1430,,204,23,0,12 13,0
12019,'1492526',1730,,205,23,0,12 13,0
12019,'1492527',1830,,206,23,0,12 13,0
