19019,'1489098',633,,308,4,,,0
19019,'1489099',713,,309,4,,,0
19019,'1489100',753,,310,4,,,0
19019,'1489101',833,,311,4,,,0
19019,'1489102',913,,312,4,,,0
19019,'1489103',953,,313,4,,,0
19019,'1489104',1033,,314,4,,,0
19019,'1489105',1113,,315,4,,,0
19019,'1489106',1153,,316,4,,,0
19019,'1489107',1233,,317,4,,,0
19019,'1489108',1313,,318,4,,,0
19019,'1489109',1353,,319,4,,,0
19019,'1489110',1433,,320,4,,,0
19019,'1489111',1513,,321,4,,,0
19019,'1489112',1553,,322,4,,,0
19019,'1489113',1633,,323,4,,,0
19019,'1489114',1713,,324,4,,,0
19019,'1489115',1753,,325,4,,,0
19019,'1489116',653,,326,4,,,0
19019,'1489117',733,,327,4,,,0
19019,'1489118',813,,328,4,,,0
19019,'1489119',853,,329,4,,,0
19019,'1489120',933,,330,4,,,0
19019,'1489121',1013,,331,4,,,0
19019,'1489122',1053,,332,4,,,0
19019,'1489123',1133,,333,4,,,0
19019,'1489124',1213,,334,4,,,0
19019,'1489125',1253,,335,4,,,0
19019,'1489126',1333,,336,4,,,0
19019,'1489127',1413,,337,4,,,0
19019,'1489128',1453,,338,4,,,0
19019,'1489129',1533,,339,4,,,0
19019,'1489130',1613,,340,4,,,0
19019,'1489131',1653,,341,4,,,0
19019,'1489132',1733,,342,4,,,0
901019,'1489082',833,,456,36,0,16 17,0
901019,'1489083',953,,457,36,0,16 17,0
901019,'1489084',1113,,458,36,0,16 17,0
901019,'1489085',1233,,459,36,0,16 17,0
901019,'1489086',1353,,460,36,0,16 17,0
901019,'1489087',1513,,461,36,0,16 17,0
901019,'1489088',1633,,462,36,0,16 17,0
901019,'1489089',1753,,463,36,0,16 17,0
901019,'1489090',1913,,464,36,0,16 17,0
901019,'1489091',2033,,465,36,0,16 17,0
901019,'1489092',2153,,466,36,0,16 17,0
901019,'1492540',1913,,494,36,0,16 17,0
901019,'1492541',2033,,495,36,0,16 17,0
901019,'1492542',2153,,496,36,0,16 17,0
902019,'1492543',1833,,514,4,0,16 17,0
902019,'1492544',1953,,515,4,0,16 17,0
902019,'1492545',2113,,516,4,0,16 17,0
902019,'1492546',753,,517,4,0,16 17,0
902019,'1492547',913,,518,4,0,16 17,0
902019,'1492548',1033,,519,4,0,16 17,0
902019,'1492549',1153,,520,4,0,16 17,0
902019,'1492550',1313,,521,4,0,16 17,0
902019,'1492551',1433,,522,4,0,16 17,0
902019,'1492552',1553,,523,4,0,16 17,0
902019,'1492553',1713,,524,4,0,16 17,0
902019,'1492554',1833,,525,4,0,16 17,0
902019,'1492555',1953,,526,4,0,16 17,0
902019,'1492556',2113,,527,4,0,16 17,0
