1019,'1485865',643,,26,15,0,11,0
1019,'1485866',723,,27,15,0,11,0
1019,'1485867',803,,28,15,0,11,0
1019,'1485868',843,,29,15,0,11,0
1019,'1485869',923,,30,15,0,11,0
1019,'1485870',1003,,31,15,0,11,0
1019,'1485871',1043,,32,15,0,11,0
1019,'1485872',1123,,33,15,0,11,0
1019,'1485873',1203,,34,15,0,11,0
1019,'1485874',1243,,35,15,0,11,0
1019,'1485875',1323,,36,15,0,11,0
1019,'1485876',1403,,37,15,0,11,0
1019,'1485877',1443,,38,15,0,11,0
1019,'1485878',1523,,39,15,0,11,0
1019,'1485879',1603,,40,15,0,11,0
1019,'1485880',1643,,41,15,0,11,0
1019,'1485881',1723,,42,15,0,11,0
1019,'1485882',1803,,43,15,0,11,0
10019,'1480547',643,,159,10,,,0
10019,'1480551',1523,,160,10,,,0
10019,'1483448',643,,161,10,,,0
10019,'1483449',1523,,162,10,,,0
10029,'1486951',706,,163,16,,,0
10029,'1486952',726,,164,16,,,0
10029,'1486953',746,,165,16,,,0
10029,'1486954',1546,,166,16,,,0
10029,'1486955',1606,,167,16,,,0
10029,'1486956',1626,,168,16,,,0
10029,'1486957',1646,,169,16,,,0
