19019,'1489098',640,,308,9,,,0
19019,'1489099',720,,309,9,,,0
19019,'1489100',800,,310,9,,,0
19019,'1489101',840,,311,9,,,0
19019,'1489102',920,,312,9,,,0
19019,'1489103',1000,,313,9,,,0
19019,'1489104',1040,,314,9,,,0
19019,'1489105',1120,,315,9,,,0
19019,'1489106',1200,,316,9,,,0
19019,'1489107',1240,,317,9,,,0
19019,'1489108',1320,,318,9,,,0
19019,'1489109',1400,,319,9,,,0
19019,'1489110',1440,,320,9,,,0
19019,'1489111',1520,,321,9,,,0
19019,'1489112',1600,,322,9,,,0
19019,'1489113',1640,,323,9,,,0
19019,'1489114',1720,,324,9,,,0
19019,'1489115',1800,,325,9,,,0
19019,'1489116',700,,326,9,,,0
19019,'1489117',740,,327,9,,,0
19019,'1489118',820,,328,9,,,0
19019,'1489119',900,,329,9,,,0
19019,'1489120',940,,330,9,,,0
19019,'1489121',1020,,331,9,,,0
19019,'1489122',1100,,332,9,,,0
19019,'1489123',1140,,333,9,,,0
19019,'1489124',1220,,334,9,,,0
19019,'1489125',1300,,335,9,,,0
19019,'1489126',1340,,336,9,,,0
19019,'1489127',1420,,337,9,,,0
19019,'1489128',1500,,338,9,,,0
19019,'1489129',1540,,339,9,,,0
19019,'1489130',1620,,340,9,,,0
19019,'1489131',1700,,341,9,,,0
19019,'1489132',1740,,342,9,,,0
19019,'1489362',640,,343,9,,,0
19019,'1489363',720,,344,9,,,0
19019,'1489364',800,,345,9,,,0
19019,'1489365',840,,346,9,,,0
19019,'1489366',920,,347,9,,,0
19019,'1489367',1000,,348,9,,,0
19019,'1489368',1040,,349,9,,,0
19019,'1489369',1120,,350,9,,,0
19019,'1489370',1200,,351,9,,,0
19019,'1489371',1240,,352,9,,,0
19019,'1489372',1320,,353,9,,,0
19019,'1489373',1400,,354,9,,,0
19019,'1489374',1440,,355,9,,,0
19019,'1489375',1520,,356,9,,,0
19019,'1489376',1600,,357,9,,,0
19019,'1489377',1640,,358,9,,,0
19019,'1489378',1720,,359,9,,,0
19019,'1489379',1800,,360,9,,,0
19019,'1489380',700,,361,9,,,0
19019,'1489381',740,,362,9,,,0
19019,'1489382',820,,363,9,,,0
19019,'1489383',900,,364,9,,,0
19019,'1489384',940,,365,9,,,0
19019,'1489385',1020,,366,9,,,0
19019,'1489386',1100,,367,9,,,0
19019,'1489387',1140,,368,9,,,0
19019,'1489388',1220,,369,9,,,0
19019,'1489389',1300,,370,9,,,0
19019,'1489390',1340,,371,9,,,0
19019,'1489391',1420,,372,9,,,0
19019,'1489392',1500,,373,9,,,0
19019,'1489393',1540,,374,9,,,0
19019,'1489394',1620,,375,9,,,0
19019,'1489395',1700,,376,9,,,0
19019,'1489396',1740,,377,9,,,0
901019,'1489082',840,,456,41,0,16 17,0
901019,'1489083',1000,,457,41,0,16 17,0
901019,'1489084',1120,,458,41,0,16 17,0
901019,'1489085',1240,,459,41,0,16 17,0
901019,'1489086',1400,,460,41,0,16 17,0
901019,'1489087',1520,,461,41,0,16 17,0
901019,'1489088',1640,,462,41,0,16 17,0
901019,'1489089',1800,,463,41,0,16 17,0
901019,'1489090',1920,,464,41,0,16 17,0
901019,'1489091',2040,,465,41,0,16 17,0
901019,'1489092',2200,,466,41,0,16 17,0
901019,'1489247',1920,,467,41,0,16 17,0
901019,'1489248',2040,,468,41,0,16 17,0
901019,'1489249',2200,,469,41,0,16 17,0
901019,'1492540',1920,,494,41,0,16 17,0
901019,'1492541',2040,,495,41,0,16 17,0
901019,'1492542',2200,,496,41,0,16 17,0
902019,'1488205',1840,,497,9,0,16 17,0
902019,'1488206',2000,,498,9,0,16 17,0
902019,'1488207',2120,,499,9,0,16 17,0
902019,'1492543',1840,,514,9,0,16 17,0
902019,'1492544',2000,,515,9,0,16 17,0
902019,'1492545',2120,,516,9,0,16 17,0
902019,'1492546',800,,517,9,0,16 17,0
902019,'1492547',920,,518,9,0,16 17,0
902019,'1492548',1040,,519,9,0,16 17,0
902019,'1492549',1200,,520,9,0,16 17,0
902019,'1492550',1320,,521,9,0,16 17,0
902019,'1492551',1440,,522,9,0,16 17,0
902019,'1492552',1600,,523,9,0,16 17,0
902019,'1492553',1720,,524,9,0,16 17,0
902019,'1492554',1840,,525,9,0,16 17,0
902019,'1492555',2000,,526,9,0,16 17,0
902019,'1492556',2120,,527,9,0,16 17,0
30000019,'1486494',931,,528,10,,,0
30000019,'1486495',1031,,529,10,,,0
30000019,'1486496',1131,,530,10,,,0
30000019,'1486497',1231,,531,10,,,0
30000019,'1486498',1331,,532,10,,,0
30000019,'1486499',1431,,533,10,,,0
30000019,'1486500',1531,,534,10,,,0
30000019,'1486501',1631,,535,10,,,0
