14019,'1489925',637,,209,10,,,0,65,,209,26,,,0
14019,'1489926',717,,210,10,,,0,25,,210,26,,,0
14019,'1489927',757,,211,10,,,0,65,,211,26,,,0
14019,'1489928',837,,212,10,,,0,65,,212,26,,,0
14019,'1489929',917,,213,10,,,0,25,,213,26,,,0
14019,'1489930',957,,214,10,,,0,65,,214,26,,,0
14019,'1489931',1037,,215,10,,,0,65,,215,26,,,0
14019,'1489932',1117,,216,10,,,0,25,,216,26,,,0
14019,'1489933',1157,,217,10,,,0,65,,217,26,,,0
14019,'1489934',1237,,218,10,,,0,65,,218,26,,,0
14019,'1489935',1317,,219,10,,,0,25,,219,26,,,0
14019,'1489936',1357,,220,10,,,0,65,,220,26,,,0
14019,'1489937',1437,,221,10,,,0,65,,221,26,,,0
14019,'1489938',1517,,222,10,,,0,25,,222,26,,,0
14019,'1489939',1557,,223,10,,,0,65,,223,26,,,0
14019,'1489940',1637,,224,10,,,0,65,,224,26,,,0
14019,'1489941',1717,,225,10,,,0,25,,225,26,,,0
14019,'1489942',1757,,226,10,,,0,65,,226,26,,,0
14019,'1489943',1837,,227,10,,,0,65,,227,26,,,0
14019,'1489944',1917,,228,10,,,0,25,,228,26,,,0
14019,'1489945',1957,,229,10,,,0,65,,229,26,,,0
14019,'1489946',2037,,230,10,,,0,65,,230,26,,,0
14019,'1489947',2117,,231,10,,,0,25,,231,26,,,0
14019,'1489948',2157,,232,10,,,0,65,,232,26,,,0
14019,'1489949',757,,233,10,,,0,65,,233,26,,,0
14019,'1489950',837,,234,10,,,0,65,,234,26,,,0
14019,'1489951',917,,235,10,,,0,25,,235,26,,,0
14019,'1489952',957,,236,10,,,0,65,,236,26,,,0
14019,'1489953',1037,,237,10,,,0,65,,237,26,,,0
14019,'1489954',1117,,238,10,,,0,25,,238,26,,,0
14019,'1489955',1157,,239,10,,,0,65,,239,26,,,0
14019,'1489956',1237,,240,10,,,0,65,,240,26,,,0
14019,'1489957',1317,,241,10,,,0,25,,241,26,,,0
14019,'1489958',1357,,242,10,,,0,65,,242,26,,,0
14019,'1489959',1437,,243,10,,,0,65,,243,26,,,0
14019,'1489960',1517,,244,10,,,0,25,,244,26,,,0
14019,'1489961',1557,,245,10,,,0,65,,245,26,,,0
14019,'1489962',1637,,246,10,,,0,65,,246,26,,,0
14019,'1489963',1717,,247,10,,,0,25,,247,26,,,0
14019,'1489964',1757,,248,10,,,0,65,,248,26,,,0
14019,'1489965',1837,,249,10,,,0,65,,249,26,,,0
14019,'1489966',1917,,250,10,,,0,25,,250,26,,,0
14019,'1489967',1957,,251,10,,,0,65,,251,26,,,0
14019,'1489968',2037,,252,10,,,0,65,,252,26,,,0
14019,'1489969',2117,,253,10,,,0,25,,253,26,,,0
14019,'1489970',2157,,254,10,,,0,65,,254,26,,,0
