20019,'1492422',652,,378,18,,,0
20019,'1492423',732,,379,18,,,0
20019,'1492424',812,,380,18,,,0
20019,'1492425',852,,381,18,,,0
20019,'1492426',932,,382,18,,,0
20019,'1492427',1012,,383,18,,,0
20019,'1492428',1052,,384,18,,,0
20019,'1492429',1132,,385,18,,,0
20019,'1492430',1212,,386,18,,,0
20019,'1492431',1252,,387,18,,,0
20019,'1492432',1332,,388,18,,,0
20019,'1492433',1412,,389,18,,,0
20019,'1492434',1452,,390,18,,,0
20019,'1492435',1532,,391,18,,,0
20019,'1492436',1612,,392,18,,,0
20019,'1492437',1652,,393,18,,,0
20019,'1492438',1732,,394,18,,,0
20019,'1492439',1812,,395,18,,,0
20019,'1492440',812,,396,18,,,0
20019,'1492441',852,,397,18,,,0
20019,'1492442',932,,398,18,,,0
20019,'1492443',1012,,399,18,,,0
20019,'1492444',1052,,400,18,,,0
20019,'1492445',1132,,401,18,,,0
20019,'1492446',1212,,402,18,,,0
20019,'1492447',1252,,403,18,,,0
20019,'1492448',1332,,404,18,,,0
20019,'1492449',1412,,405,18,,,0
20019,'1492450',1452,,406,18,,,0
20019,'1492451',1532,,407,18,,,0
20019,'1492452',1612,,408,18,,,0
20019,'1492453',1652,,409,18,,,0
20019,'1492454',1732,,410,18,,,0
20019,'1492455',1812,,411,18,,,0
