4019,'1489036',641,,65,11,,,0
4019,'1489037',721,,66,11,,,0
4019,'1489038',801,,67,11,,,0
4019,'1489039',841,,68,11,,,0
4019,'1489040',921,,69,11,,,0
4019,'1489041',1001,,70,11,,,0
4019,'1489042',1041,,71,11,,,0
4019,'1489043',1121,,72,11,,,0
4019,'1489044',1201,,73,11,,,0
4019,'1489045',1241,,74,11,,,0
4019,'1489046',1321,,75,11,,,0
4019,'1489047',1401,,76,11,,,0
4019,'1489048',1441,,77,11,,,0
4019,'1489049',1521,,78,11,,,0
4019,'1489050',1601,,79,11,,,0
4019,'1489051',1641,,80,11,,,0
4019,'1489052',1721,,81,11,,,0
4019,'1489053',1801,,82,11,,,0
4019,'1489054',1841,,83,11,,,0
4019,'1489055',1921,,84,11,,,0
4019,'1489056',2001,,85,11,,,0
4019,'1489057',2041,,86,11,,,0
4019,'1489058',2121,,87,11,,,0
4019,'1489059',2201,,88,11,,,0
4019,'1489060',801,,89,11,,,0
4019,'1489061',841,,90,11,,,0
4019,'1489062',921,,91,11,,,0
4019,'1489063',1001,,92,11,,,0
4019,'1489064',1041,,93,11,,,0
4019,'1489065',1121,,94,11,,,0
4019,'1489066',1201,,95,11,,,0
4019,'1489067',1241,,96,11,,,0
4019,'1489068',1321,,97,11,,,0
4019,'1489069',1401,,98,11,,,0
4019,'1489070',1441,,99,11,,,0
4019,'1489071',1521,,100,11,,,0
4019,'1489072',1601,,101,11,,,0
4019,'1489073',1641,,102,11,,,0
4019,'1489074',1721,,103,11,,,0
4019,'1489075',1801,,104,11,,,0
4019,'1489076',1841,,105,11,,,0
4019,'1489077',1921,,106,11,,,0
4019,'1489078',2001,,107,11,,,0
4019,'1489079',2041,,108,11,,,0
4019,'1489080',2121,,109,11,,,0
4019,'1489081',2201,,110,11,,,0
