20019,'1492422',638,,378,10,,,0
20019,'1492423',718,,379,10,,,0
20019,'1492424',758,,380,10,,,0
20019,'1492425',838,,381,10,,,0
20019,'1492426',918,,382,10,,,0
20019,'1492427',958,,383,10,,,0
20019,'1492428',1038,,384,10,,,0
20019,'1492429',1118,,385,10,,,0
20019,'1492430',1158,,386,10,,,0
20019,'1492431',1238,,387,10,,,0
20019,'1492432',1318,,388,10,,,0
20019,'1492433',1358,,389,10,,,0
20019,'1492434',1438,,390,10,,,0
20019,'1492435',1518,,391,10,,,0
20019,'1492436',1558,,392,10,,,0
20019,'1492437',1638,,393,10,,,0
20019,'1492438',1718,,394,10,,,0
20019,'1492439',1758,,395,10,,,0
20019,'1492440',758,,396,10,,,0
20019,'1492441',838,,397,10,,,0
20019,'1492442',918,,398,10,,,0
20019,'1492443',958,,399,10,,,0
20019,'1492444',1038,,400,10,,,0
20019,'1492445',1118,,401,10,,,0
20019,'1492446',1158,,402,10,,,0
20019,'1492447',1238,,403,10,,,0
20019,'1492448',1318,,404,10,,,0
20019,'1492449',1358,,405,10,,,0
20019,'1492450',1438,,406,10,,,0
20019,'1492451',1518,,407,10,,,0
20019,'1492452',1558,,408,10,,,0
20019,'1492453',1638,,409,10,,,0
20019,'1492454',1718,,410,10,,,0
20019,'1492455',1758,,411,10,,,0
30000019,'1486494',955,,528,21,,,0
30000019,'1486495',1055,,529,21,,,0
30000019,'1486496',1155,,530,21,,,0
30000019,'1486497',1255,,531,21,,,0
30000019,'1486498',1355,,532,21,,,0
30000019,'1486499',1455,,533,21,,,0
30000019,'1486500',1555,,534,21,,,0
30000019,'1486501',1655,,535,21,,,0
