15019,'1484063',635,,257,3,,,0
15019,'1484064',735,,258,3,,,0
15019,'1484065',835,,259,3,,,0
15019,'1484066',935,,260,3,,,0
15019,'1484067',1035,,261,3,,,0
15019,'1484068',1135,,262,3,,,0
15019,'1484069',1235,,263,3,,,0
15019,'1484070',1335,,264,3,,,0
15019,'1484071',1435,,265,3,,,0
15019,'1484072',1535,,266,3,,,0
15019,'1484073',1635,,267,3,,,0
15019,'1484074',1735,,268,3,,,0
15019,'1489344',1835,,269,3,,,0
15019,'1489345',1935,,270,3,,,0
15019,'1489346',2035,,271,3,,,0
15019,'1489347',2135,,272,3,,,0
15019,'1489348',835,,273,3,,,0
15019,'1489349',935,,274,3,,,0
15019,'1489350',1035,,275,3,,,0
15019,'1489351',1135,,276,3,,,0
15019,'1489352',1235,,277,3,,,0
15019,'1489353',1335,,278,3,,,0
15019,'1489354',1435,,279,3,,,0
15019,'1489355',1535,,280,3,,,0
15019,'1489356',1635,,281,3,,,0
15019,'1489357',1735,,282,3,,,0
15019,'1489358',1835,,283,3,,,0
15019,'1489359',1935,,284,3,,,0
15019,'1489360',2035,,285,3,,,0
15019,'1489361',2135,,286,3,,,0
19019,'1489098',655,,308,21,,,0
19019,'1489099',735,,309,21,,,0
19019,'1489100',815,,310,21,,,0
19019,'1489101',855,,311,21,,,0
19019,'1489102',935,,312,21,,,0
19019,'1489103',1015,,313,21,,,0
19019,'1489104',1055,,314,21,,,0
19019,'1489105',1135,,315,21,,,0
19019,'1489106',1215,,316,21,,,0
19019,'1489107',1255,,317,21,,,0
19019,'1489108',1335,,318,21,,,0
19019,'1489109',1415,,319,21,,,0
19019,'1489110',1455,,320,21,,,0
19019,'1489111',1535,,321,21,,,0
19019,'1489112',1615,,322,21,,,0
19019,'1489113',1655,,323,21,,,0
19019,'1489114',1735,,324,21,,,0
19019,'1489115',1815,,325,21,,,0
19019,'1489116',715,,326,21,,,0
19019,'1489117',755,,327,21,,,0
19019,'1489118',835,,328,21,,,0
19019,'1489119',915,,329,21,,,0
19019,'1489120',955,,330,21,,,0
19019,'1489121',1035,,331,21,,,0
19019,'1489122',1115,,332,21,,,0
19019,'1489123',1155,,333,21,,,0
19019,'1489124',1235,,334,21,,,0
19019,'1489125',1315,,335,21,,,0
19019,'1489126',1355,,336,21,,,0
19019,'1489127',1435,,337,21,,,0
19019,'1489128',1515,,338,21,,,0
19019,'1489129',1555,,339,21,,,0
19019,'1489130',1635,,340,21,,,0
19019,'1489131',1715,,341,21,,,0
19019,'1489132',1755,,342,21,,,0
19019,'1489362',655,,343,21,,,0
19019,'1489363',735,,344,21,,,0
19019,'1489364',815,,345,21,,,0
19019,'1489365',855,,346,21,,,0
19019,'1489366',935,,347,21,,,0
19019,'1489367',1015,,348,21,,,0
19019,'1489368',1055,,349,21,,,0
19019,'1489369',1135,,350,21,,,0
19019,'1489370',1215,,351,21,,,0
19019,'1489371',1255,,352,21,,,0
19019,'1489372',1335,,353,21,,,0
19019,'1489373',1415,,354,21,,,0
19019,'1489374',1455,,355,21,,,0
19019,'1489375',1535,,356,21,,,0
19019,'1489376',1615,,357,21,,,0
19019,'1489377',1655,,358,21,,,0
19019,'1489378',1735,,359,21,,,0
19019,'1489379',1815,,360,21,,,0
19019,'1489380',715,,361,21,,,0
19019,'1489381',755,,362,21,,,0
19019,'1489382',835,,363,21,,,0
19019,'1489383',915,,364,21,,,0
19019,'1489384',955,,365,21,,,0
19019,'1489385',1035,,366,21,,,0
19019,'1489386',1115,,367,21,,,0
19019,'1489387',1155,,368,21,,,0
19019,'1489388',1235,,369,21,,,0
19019,'1489389',1315,,370,21,,,0
19019,'1489390',1355,,371,21,,,0
19019,'1489391',1435,,372,21,,,0
19019,'1489392',1515,,373,21,,,0
19019,'1489393',1555,,374,21,,,0
19019,'1489394',1635,,375,21,,,0
19019,'1489395',1715,,376,21,,,0
19019,'1489396',1755,,377,21,,,0
20019,'1492422',632,,378,3,,,0
20019,'1492423',712,,379,3,,,0
20019,'1492424',752,,380,3,,,0
20019,'1492425',832,,381,3,,,0
20019,'1492426',912,,382,3,,,0
20019,'1492427',952,,383,3,,,0
20019,'1492428',1032,,384,3,,,0
20019,'1492429',1112,,385,3,,,0
20019,'1492430',1152,,386,3,,,0
20019,'1492431',1232,,387,3,,,0
20019,'1492432',1312,,388,3,,,0
20019,'1492433',1352,,389,3,,,0
20019,'1492434',1432,,390,3,,,0
20019,'1492435',1512,,391,3,,,0
20019,'1492436',1552,,392,3,,,0
20019,'1492437',1632,,393,3,,,0
20019,'1492438',1712,,394,3,,,0
20019,'1492439',1752,,395,3,,,0
20019,'1492440',752,,396,3,,,0
20019,'1492441',832,,397,3,,,0
20019,'1492442',912,,398,3,,,0
20019,'1492443',952,,399,3,,,0
20019,'1492444',1032,,400,3,,,0
20019,'1492445',1112,,401,3,,,0
20019,'1492446',1152,,402,3,,,0
20019,'1492447',1232,,403,3,,,0
20019,'1492448',1312,,404,3,,,0
20019,'1492449',1352,,405,3,,,0
20019,'1492450',1432,,406,3,,,0
20019,'1492451',1512,,407,3,,,0
20019,'1492452',1552,,408,3,,,0
20019,'1492453',1632,,409,3,,,0
20019,'1492454',1712,,410,3,,,0
20019,'1492455',1752,,411,3,,,0
901019,'1489082',855,,456,52,0,16 17,0
901019,'1489083',1015,,457,52,0,16 17,0
901019,'1489084',1135,,458,52,0,16 17,0
901019,'1489085',1255,,459,52,0,16 17,0
901019,'1489086',1415,,460,52,0,16 17,0
901019,'1489087',1535,,461,52,0,16 17,0
901019,'1489088',1655,,462,52,0,16 17,0
901019,'1489089',1815,,463,52,0,16 17,0
901019,'1489090',1935,,464,52,0,16 17,0
901019,'1489091',2055,,465,52,0,16 17,0
901019,'1489092',2215,,466,52,0,16 17,0
901019,'1489247',1935,,467,52,0,16 17,0
901019,'1489248',2055,,468,52,0,16 17,0
901019,'1489249',2215,,469,52,0,16 17,0
901019,'1492540',1935,,494,52,0,16 17,0
901019,'1492541',2055,,495,52,0,16 17,0
901019,'1492542',2215,,496,52,0,16 17,0
902019,'1488205',1855,,497,20,0,16 17,0
902019,'1488206',2015,,498,20,0,16 17,0
902019,'1488207',2135,,499,20,0,16 17,0
902019,'1492543',1855,,514,20,0,16 17,0
902019,'1492544',2015,,515,20,0,16 17,0
902019,'1492545',2135,,516,20,0,16 17,0
902019,'1492546',815,,517,20,0,16 17,0
902019,'1492547',935,,518,20,0,16 17,0
902019,'1492548',1055,,519,20,0,16 17,0
902019,'1492549',1215,,520,20,0,16 17,0
902019,'1492550',1335,,521,20,0,16 17,0
902019,'1492551',1455,,522,20,0,16 17,0
902019,'1492552',1615,,523,20,0,16 17,0
902019,'1492553',1735,,524,20,0,16 17,0
902019,'1492554',1855,,525,20,0,16 17,0
902019,'1492555',2015,,526,20,0,16 17,0
902019,'1492556',2135,,527,20,0,16 17,0
30000019,'1486494',935,,528,12,,,0
30000019,'1486495',1035,,529,12,,,0
30000019,'1486496',1135,,530,12,,,0
30000019,'1486497',1235,,531,12,,,0
30000019,'1486498',1335,,532,12,,,0
30000019,'1486499',1435,,533,12,,,0
30000019,'1486500',1535,,534,12,,,0
30000019,'1486501',1635,,535,12,,,0
