901019,'1489082',806,,456,17,0,6,0
901019,'1489083',926,,457,17,0,6,0
901019,'1489084',1046,,458,17,0,6,0
901019,'1489085',1206,,459,17,0,6,0
901019,'1489086',1326,,460,17,0,6,0
901019,'1489087',1446,,461,17,0,6,0
901019,'1489088',1606,,462,17,0,6,0
901019,'1489089',1726,,463,17,0,6,0
901019,'1489090',1846,,464,17,0,6,0
901019,'1489091',2006,,465,17,0,6,0
901019,'1489092',2126,,466,17,0,6,0
901019,'1492528',646,,482,17,0,6,0
901019,'1492529',746,,483,17,0,6,0
901019,'1492530',846,,484,17,0,6,0
901019,'1492531',946,,485,17,0,6,0
901019,'1492532',1046,,486,17,0,6,0
901019,'1492533',1146,,487,17,0,6,0
901019,'1492534',1246,,488,17,0,6,0
901019,'1492535',1346,,489,17,0,6,0
901019,'1492536',1446,,490,17,0,6,0
901019,'1492537',1546,,491,17,0,6,0
901019,'1492538',1646,,492,17,0,6,0
901019,'1492539',1746,,493,17,0,6,0
901019,'1492540',1846,,494,17,0,6,0
901019,'1492541',2006,,495,17,0,6,0
901019,'1492542',2126,,496,17,0,6,0
902019,'1488257',1806,,500,17,0,6,0
902019,'1489896',706,,503,17,0,6,0
902019,'1489897',806,,504,17,0,6,0
902019,'1489898',906,,505,17,0,6,0
902019,'1489899',1006,,506,17,0,6,0
902019,'1489900',1106,,507,17,0,6,0
902019,'1489901',1206,,508,17,0,6,0
902019,'1489902',1306,,509,17,0,6,0
902019,'1489903',1406,,510,17,0,6,0
902019,'1489904',1506,,511,17,0,6,0
902019,'1489905',1606,,512,17,0,6,0
902019,'1489906',1706,,513,17,0,6,0
902019,'1492543',1926,,514,43,0,6,0
902019,'1492544',2046,,515,43,0,6,0
902019,'1492545',2206,,516,43,0,6,0
902019,'1492546',846,,517,43,0,6,0
902019,'1492547',1006,,518,43,0,6,0
902019,'1492548',1126,,519,43,0,6,0
902019,'1492549',1246,,520,43,0,6,0
902019,'1492550',1406,,521,43,0,6,0
902019,'1492551',1526,,522,43,0,6,0
902019,'1492552',1646,,523,43,0,6,0
902019,'1492553',1806,,524,43,0,6,0
902019,'1492554',1926,,525,43,0,6,0
902019,'1492555',2046,,526,43,0,6,0
902019,'1492556',2206,,527,43,0,6,0
903019,'1492557',726,,443,17,,,0
903019,'1492558',826,,444,17,,,0
903019,'1492559',926,,445,17,,,0
903019,'1492560',1026,,446,17,,,0
903019,'1492561',1126,,447,17,,,0
903019,'1492562',1226,,448,17,,,0
903019,'1492563',1326,,449,17,,,0
903019,'1492564',1426,,450,17,,,0
903019,'1492565',1526,,451,17,,,0
903019,'1492566',1626,,452,17,,,0
903019,'1492567',1726,,453,17,,,0
