20019,'1492422',652,,378,19,,,0
20019,'1492423',732,,379,19,,,0
20019,'1492424',812,,380,19,,,0
20019,'1492425',852,,381,19,,,0
20019,'1492426',932,,382,19,,,0
20019,'1492427',1012,,383,19,,,0
20019,'1492428',1052,,384,19,,,0
20019,'1492429',1132,,385,19,,,0
20019,'1492430',1212,,386,19,,,0
20019,'1492431',1252,,387,19,,,0
20019,'1492432',1332,,388,19,,,0
20019,'1492433',1412,,389,19,,,0
20019,'1492434',1452,,390,19,,,0
20019,'1492435',1532,,391,19,,,0
20019,'1492436',1612,,392,19,,,0
20019,'1492437',1652,,393,19,,,0
20019,'1492438',1732,,394,19,,,0
20019,'1492439',1812,,395,19,,,0
20019,'1492440',812,,396,19,,,0
20019,'1492441',852,,397,19,,,0
20019,'1492442',932,,398,19,,,0
20019,'1492443',1012,,399,19,,,0
20019,'1492444',1052,,400,19,,,0
20019,'1492445',1132,,401,19,,,0
20019,'1492446',1212,,402,19,,,0
20019,'1492447',1252,,403,19,,,0
20019,'1492448',1332,,404,19,,,0
20019,'1492449',1412,,405,19,,,0
20019,'1492450',1452,,406,19,,,0
20019,'1492451',1532,,407,19,,,0
20019,'1492452',1612,,408,19,,,0
20019,'1492453',1652,,409,19,,,0
20019,'1492454',1732,,410,19,,,0
20019,'1492455',1812,,411,19,,,0
