1019,'1483501',745,,25,4,0,18,0
2019,'1486350',641,,45,16,,,0
2019,'1486351',721,,46,16,,,0
2019,'1486352',801,,47,16,,,0
2019,'1486353',841,,48,16,,,0
2019,'1486354',921,,49,16,,,0
2019,'1486355',1001,,50,16,,,0
2019,'1486356',1041,,51,16,,,0
2019,'1486357',1121,,52,16,,,0
2019,'1486358',1201,,53,16,,,0
2019,'1486359',1241,,54,16,,,0
2019,'1486360',1321,,55,16,,,0
2019,'1486361',1401,,56,16,,,0
2019,'1486362',1441,,57,16,,,0
2019,'1486363',1521,,58,16,,,0
2019,'1486364',1601,,59,16,,,0
2019,'1486365',1641,,60,16,,,0
2019,'1486366',1721,,61,16,,,0
2019,'1486958',1801,,62,16,,,0
30000019,'1486494',923,,528,7,,,0
30000019,'1486495',1023,,529,7,,,0
30000019,'1486496',1123,,530,7,,,0
30000019,'1486497',1223,,531,7,,,0
30000019,'1486498',1323,,532,7,,,0
30000019,'1486499',1423,,533,7,,,0
30000019,'1486500',1523,,534,7,,,0
30000019,'1486501',1623,,535,7,,,0
