66019,'1489865',806,,412,6,,,0
66019,'1489866',836,,413,6,,,0
66019,'1489867',906,,414,6,,,0
66019,'1489868',936,,415,6,,,0
66019,'1489869',1006,,416,6,,,0
66019,'1489870',1036,,417,6,,,0
66019,'1489871',1106,,418,6,,,0
66019,'1489872',1136,,419,6,,,0
66019,'1489873',1206,,420,6,,,0
66019,'1489874',1236,,421,6,,,0
66019,'1489875',1306,,422,6,,,0
66019,'1489876',1336,,423,6,,,0
66019,'1489877',1406,,424,6,,,0
66019,'1489878',1436,,425,6,,,0
66019,'1489879',1506,,426,6,,,0
66019,'1489880',1536,,427,6,,,0
66019,'1489881',1606,,428,6,,,0
66019,'1489882',1636,,429,6,,,0
66019,'1489883',1706,,430,6,,,0
