901019,'1489082',754,,456,4,,,0
901019,'1489083',914,,457,4,,,0
901019,'1489084',1034,,458,4,,,0
901019,'1489085',1154,,459,4,,,0
901019,'1489086',1314,,460,4,,,0
901019,'1489087',1434,,461,4,,,0
901019,'1489088',1554,,462,4,,,0
901019,'1489089',1714,,463,4,,,0
901019,'1489090',1834,,464,4,,,0
901019,'1489091',1954,,465,4,,,0
901019,'1489092',2114,,466,4,,,0
901019,'1489247',1834,,467,4,,,0
901019,'1489248',1954,,468,4,,,0
901019,'1489249',2114,,469,4,,,0
901019,'1489884',634,,470,4,,,0
901019,'1489885',734,,471,4,,,0
901019,'1489886',834,,472,4,,,0
901019,'1489887',934,,473,4,,,0
901019,'1489888',1034,,474,4,,,0
901019,'1489889',1134,,475,4,,,0
901019,'1489890',1234,,476,4,,,0
901019,'1489891',1334,,477,4,,,0
901019,'1489892',1434,,478,4,,,0
901019,'1489893',1534,,479,4,,,0
901019,'1489894',1634,,480,4,,,0
901019,'1489895',1734,,481,4,,,0
901019,'1492528',634,,482,4,,,0
901019,'1492529',734,,483,4,,,0
901019,'1492530',834,,484,4,,,0
901019,'1492531',934,,485,4,,,0
901019,'1492532',1034,,486,4,,,0
901019,'1492533',1134,,487,4,,,0
901019,'1492534',1234,,488,4,,,0
901019,'1492535',1334,,489,4,,,0
901019,'1492536',1434,,490,4,,,0
901019,'1492537',1534,,491,4,,,0
901019,'1492538',1634,,492,4,,,0
901019,'1492539',1734,,493,4,,,0
901019,'1492540',1834,,494,4,,,0
901019,'1492541',1954,,495,4,,,0
901019,'1492542',2114,,496,4,,,0
902019,'1488205',1914,,497,30,,,0
902019,'1488206',2034,,498,30,,,0
902019,'1488207',2154,,499,30,,,0
902019,'1488257',1754,,500,4,,,0
902019,'1489896',654,,503,4,,,0
902019,'1489897',754,,504,4,,,0
902019,'1489898',854,,505,4,,,0
902019,'1489899',954,,506,4,,,0
902019,'1489900',1054,,507,4,,,0
902019,'1489901',1154,,508,4,,,0
902019,'1489902',1254,,509,4,,,0
902019,'1489903',1354,,510,4,,,0
902019,'1489904',1454,,511,4,,,0
902019,'1489905',1554,,512,4,,,0
902019,'1489906',1654,,513,4,,,0
902019,'1492543',1914,,514,30,,,0
902019,'1492544',2034,,515,30,,,0
902019,'1492545',2154,,516,30,,,0
902019,'1492546',834,,517,30,,,0
902019,'1492547',954,,518,30,,,0
902019,'1492548',1114,,519,30,,,0
902019,'1492549',1234,,520,30,,,0
902019,'1492550',1354,,521,30,,,0
902019,'1492551',1514,,522,30,,,0
902019,'1492552',1634,,523,30,,,0
902019,'1492553',1754,,524,30,,,0
902019,'1492554',1914,,525,30,,,0
902019,'1492555',2034,,526,30,,,0
902019,'1492556',2154,,527,30,,,0
903019,'1492477',713,,432,4,0,5,0
903019,'1492478',813,,433,4,0,5,0
903019,'1492479',913,,434,4,0,5,0
903019,'1492480',1013,,435,4,0,5,0
903019,'1492481',1113,,436,4,0,5,0
903019,'1492482',1213,,437,4,0,5,0
903019,'1492483',1313,,438,4,0,5,0
903019,'1492484',1413,,439,4,0,5,0
903019,'1492485',1513,,440,4,0,5,0
903019,'1492486',1613,,441,4,0,5,0
903019,'1492487',1713,,442,4,0,5,0
903019,'1492557',714,,443,4,0,5,0
903019,'1492558',814,,444,4,0,5,0
903019,'1492559',914,,445,4,0,5,0
903019,'1492560',1014,,446,4,0,5,0
903019,'1492561',1114,,447,4,0,5,0
903019,'1492562',1214,,448,4,0,5,0
903019,'1492563',1314,,449,4,0,5,0
903019,'1492564',1414,,450,4,0,5,0
903019,'1492565',1514,,451,4,0,5,0
903019,'1492566',1614,,452,4,0,5,0
903019,'1492567',1714,,453,4,0,5,0
