7019,'1489971',716,,113,40,0,7,0
7019,'1489972',756,,114,40,0,7,0
7019,'1489973',836,,115,40,0,7,0
7019,'1489974',916,,116,40,0,7,0
7019,'1489975',956,,117,40,0,7,0
7019,'1489976',1036,,118,40,0,7,0
7019,'1489983',1516,,119,40,0,7,0
7019,'1489984',1556,,120,40,0,7,0
7019,'1489985',1636,,121,40,0,7,0
7019,'1489986',1716,,122,40,0,7,0
7019,'1489987',1756,,123,40,0,7,0
7019,'1489988',1836,,124,40,0,7,0
7019,'1489995',836,,125,40,0,7,0
7019,'1489996',916,,126,40,0,7,0
7019,'1489997',956,,127,40,0,7,0
7019,'1489998',1036,,128,40,0,7,0
7019,'1489999',1116,,129,40,0,7,0
7019,'1490000',1156,,130,40,0,7,0
7019,'1490001',1236,,131,40,0,7,0
7019,'1490002',1316,,132,40,0,7,0
7019,'1490003',1356,,133,40,0,7,0
7019,'1490004',1436,,134,40,0,7,0
7019,'1490005',1516,,135,40,0,7,0
7019,'1490006',1556,,136,40,0,7,0
7019,'1490007',1636,,137,40,0,7,0
7019,'1490008',1716,,138,40,0,7,0
7019,'1490009',1756,,139,40,0,7,0
7019,'1490010',1836,,140,40,0,7,0
7019,'1492401',1316,,141,40,0,7,0
7019,'1492402',1356,,142,40,0,7,0
7019,'1492403',1436,,143,40,0,7,0
7019,'1492404',1716,,144,40,0,7,0
7019,'1492405',1756,,145,40,0,7,0
7019,'1492406',1836,,146,40,0,7,0
7019,'1492407',1316,,147,40,0,7,0
7019,'1492408',1356,,148,40,0,7,0
7019,'1492409',1436,,149,40,0,7,0
7019,'1492456',1116,,150,40,0,7,0
7019,'1492457',1156,,151,40,0,7,0
7019,'1492458',1236,,152,40,0,7,0
7019,'1492459',1516,,153,40,0,7,0
7019,'1492460',1556,,154,40,0,7,0
7019,'1492461',1636,,155,40,0,7,0
7019,'1492462',1116,,156,40,0,7,0
7019,'1492463',1156,,157,40,0,7,0
7019,'1492464',1236,,158,40,0,7,0
12019,'1492505',737,,184,32,0,12 13,0
12019,'1492506',837,,185,32,0,12 13,0
12019,'1492507',1137,,186,32,0,12 13,0
12019,'1492508',1237,,187,32,0,12 13,0
12019,'1492509',1537,,188,32,0,12 13,0
12019,'1492510',1637,,189,32,0,12 13,0
12019,'1492511',837,,190,32,0,12 13,0
12019,'1492512',1137,,191,32,0,12 13,0
12019,'1492513',1237,,192,32,0,12 13,0
12019,'1492514',1537,,193,32,0,12 13,0
12019,'1492515',1637,,194,32,0,12 13,0
12019,'1492516',937,,195,32,0,12 13,0
12019,'1492517',1037,,196,32,0,12 13,0
12019,'1492518',1337,,197,32,0,12 13,0
12019,'1492519',1437,,198,32,0,12 13,0
12019,'1492520',1737,,199,32,0,12 13,0
12019,'1492521',1837,,200,32,0,12 13,0
12019,'1492522',937,,201,32,0,12 13,0
12019,'1492523',1037,,202,32,0,12 13,0
12019,'1492524',1337,,203,32,0,12 13,0
12019,'1492525',1437,,204,32,0,12 13,0
12019,'1492526',1737,,205,32,0,12 13,0
12019,'1492527',1837,,206,32,0,12 13,0
