4019,'1489036',655,,65,17,,,0
4019,'1489037',735,,66,17,,,0
4019,'1489038',815,,67,17,,,0
4019,'1489039',855,,68,17,,,0
4019,'1489040',935,,69,17,,,0
4019,'1489041',1015,,70,17,,,0
4019,'1489042',1055,,71,17,,,0
4019,'1489043',1135,,72,17,,,0
4019,'1489044',1215,,73,17,,,0
4019,'1489045',1255,,74,17,,,0
4019,'1489046',1335,,75,17,,,0
4019,'1489047',1415,,76,17,,,0
4019,'1489048',1455,,77,17,,,0
4019,'1489049',1535,,78,17,,,0
4019,'1489050',1615,,79,17,,,0
4019,'1489051',1655,,80,17,,,0
4019,'1489052',1735,,81,17,,,0
4019,'1489053',1815,,82,17,,,0
4019,'1489054',1855,,83,17,,,0
4019,'1489055',1935,,84,17,,,0
4019,'1489056',2015,,85,17,,,0
4019,'1489057',2055,,86,17,,,0
4019,'1489058',2135,,87,17,,,0
4019,'1489059',2215,,88,17,,,0
4019,'1489060',815,,89,17,,,0
4019,'1489061',855,,90,17,,,0
4019,'1489062',935,,91,17,,,0
4019,'1489063',1015,,92,17,,,0
4019,'1489064',1055,,93,17,,,0
4019,'1489065',1135,,94,17,,,0
4019,'1489066',1215,,95,17,,,0
4019,'1489067',1255,,96,17,,,0
4019,'1489068',1335,,97,17,,,0
4019,'1489069',1415,,98,17,,,0
4019,'1489070',1455,,99,17,,,0
4019,'1489071',1535,,100,17,,,0
4019,'1489072',1615,,101,17,,,0
4019,'1489073',1655,,102,17,,,0
4019,'1489074',1735,,103,17,,,0
4019,'1489075',1815,,104,17,,,0
4019,'1489076',1855,,105,17,,,0
4019,'1489077',1935,,106,17,,,0
4019,'1489078',2015,,107,17,,,0
4019,'1489079',2055,,108,17,,,0
4019,'1489080',2135,,109,17,,,0
4019,'1489081',2215,,110,17,,,0
