4019,'1489036',702,,65,24,,,0
4019,'1489037',742,,66,24,,,0
4019,'1489038',822,,67,24,,,0
4019,'1489039',902,,68,24,,,0
4019,'1489040',942,,69,24,,,0
4019,'1489041',1022,,70,24,,,0
4019,'1489042',1102,,71,24,,,0
4019,'1489043',1142,,72,24,,,0
4019,'1489044',1222,,73,24,,,0
4019,'1489045',1302,,74,24,,,0
4019,'1489046',1342,,75,24,,,0
4019,'1489047',1422,,76,24,,,0
4019,'1489048',1502,,77,24,,,0
4019,'1489049',1542,,78,24,,,0
4019,'1489050',1622,,79,24,,,0
4019,'1489051',1702,,80,24,,,0
4019,'1489052',1742,,81,24,,,0
4019,'1489053',1822,,82,24,,,0
4019,'1489054',1902,,83,24,,,0
4019,'1489055',1942,,84,24,,,0
4019,'1489056',2022,,85,24,,,0
4019,'1489057',2102,,86,24,,,0
4019,'1489058',2142,,87,24,,,0
4019,'1489059',2222,,88,24,,,0
4019,'1489060',822,,89,24,,,0
4019,'1489061',902,,90,24,,,0
4019,'1489062',942,,91,24,,,0
4019,'1489063',1022,,92,24,,,0
4019,'1489064',1102,,93,24,,,0
4019,'1489065',1142,,94,24,,,0
4019,'1489066',1222,,95,24,,,0
4019,'1489067',1302,,96,24,,,0
4019,'1489068',1342,,97,24,,,0
4019,'1489069',1422,,98,24,,,0
4019,'1489070',1502,,99,24,,,0
4019,'1489071',1542,,100,24,,,0
4019,'1489072',1622,,101,24,,,0
4019,'1489073',1702,,102,24,,,0
4019,'1489074',1742,,103,24,,,0
4019,'1489075',1822,,104,24,,,0
4019,'1489076',1902,,105,24,,,0
4019,'1489077',1942,,106,24,,,0
4019,'1489078',2022,,107,24,,,0
4019,'1489079',2102,,108,24,,,0
4019,'1489080',2142,,109,24,,,0
4019,'1489081',2222,,110,24,,,0
