1019,'1482680',822,,3,29,0,11,0
1019,'1482681',902,,4,29,0,11,0
1019,'1482682',942,,5,29,0,11,0
1019,'1482683',1022,,6,29,0,11,0
1019,'1482684',1102,,7,29,0,11,0
1019,'1482685',1142,,8,29,0,11,0
1019,'1482686',1222,,9,29,0,11,0
1019,'1482687',1302,,10,29,0,11,0
1019,'1482688',1342,,11,29,0,11,0
1019,'1482689',1422,,12,29,0,11,0
1019,'1482690',1502,,13,29,0,11,0
1019,'1482691',1542,,14,29,0,11,0
1019,'1482692',1622,,15,29,0,11,0
1019,'1482693',1702,,16,29,0,11,0
1019,'1482694',1742,,17,29,0,11,0
1019,'1482695',1822,,18,29,0,11,0
1019,'1482696',1902,,19,29,0,11,0
1019,'1482697',1942,,20,29,0,11,0
1019,'1482698',2022,,21,29,0,11,0
1019,'1482699',2102,,22,29,0,11,0
1019,'1482700',2142,,23,29,0,11,0
1019,'1482701',2222,,24,29,0,11,0
1019,'1485865',659,,26,32,0,11,0
1019,'1485866',739,,27,32,0,11,0
1019,'1485867',819,,28,32,0,11,0
1019,'1485868',859,,29,32,0,11,0
1019,'1485869',939,,30,32,0,11,0
1019,'1485870',1019,,31,32,0,11,0
1019,'1485871',1059,,32,32,0,11,0
1019,'1485872',1139,,33,32,0,11,0
1019,'1485873',1219,,34,32,0,11,0
1019,'1485874',1259,,35,32,0,11,0
1019,'1485875',1339,,36,32,0,11,0
1019,'1485876',1419,,37,32,0,11,0
1019,'1485877',1459,,38,32,0,11,0
1019,'1485878',1539,,39,32,0,11,0
1019,'1485879',1619,,40,32,0,11,0
1019,'1485880',1659,,41,32,0,11,0
1019,'1485881',1739,,42,32,0,11,0
1019,'1485882',1819,,43,32,0,11,0
