20019,'1492422',703,,378,29,,,0
20019,'1492423',743,,379,29,,,0
20019,'1492424',823,,380,29,,,0
20019,'1492425',903,,381,29,,,0
20019,'1492426',943,,382,29,,,0
20019,'1492427',1023,,383,29,,,0
20019,'1492428',1103,,384,29,,,0
20019,'1492429',1143,,385,29,,,0
20019,'1492430',1223,,386,29,,,0
20019,'1492431',1303,,387,29,,,0
20019,'1492432',1343,,388,29,,,0
20019,'1492433',1423,,389,29,,,0
20019,'1492434',1503,,390,29,,,0
20019,'1492435',1543,,391,29,,,0
20019,'1492436',1623,,392,29,,,0
20019,'1492437',1703,,393,29,,,0
20019,'1492438',1743,,394,29,,,0
20019,'1492439',1823,,395,29,,,0
20019,'1492440',823,,396,29,,,0
20019,'1492441',903,,397,29,,,0
20019,'1492442',943,,398,29,,,0
20019,'1492443',1023,,399,29,,,0
20019,'1492444',1103,,400,29,,,0
20019,'1492445',1143,,401,29,,,0
20019,'1492446',1223,,402,29,,,0
20019,'1492447',1303,,403,29,,,0
20019,'1492448',1343,,404,29,,,0
20019,'1492449',1423,,405,29,,,0
20019,'1492450',1503,,406,29,,,0
20019,'1492451',1543,,407,29,,,0
20019,'1492452',1623,,408,29,,,0
20019,'1492453',1703,,409,29,,,0
20019,'1492454',1743,,410,29,,,0
20019,'1492455',1823,,411,29,,,0
