1019,'1485865',633,,26,2,0,11,0
1019,'1485866',713,,27,2,0,11,0
1019,'1485867',753,,28,2,0,11,0
1019,'1485868',833,,29,2,0,11,0
1019,'1485869',913,,30,2,0,11,0
1019,'1485870',953,,31,2,0,11,0
1019,'1485871',1033,,32,2,0,11,0
1019,'1485872',1113,,33,2,0,11,0
1019,'1485873',1153,,34,2,0,11,0
1019,'1485874',1233,,35,2,0,11,0
1019,'1485875',1313,,36,2,0,11,0
1019,'1485876',1353,,37,2,0,11,0
1019,'1485877',1433,,38,2,0,11,0
1019,'1485878',1513,,39,2,0,11,0
1019,'1485879',1553,,40,2,0,11,0
1019,'1485880',1633,,41,2,0,11,0
1019,'1485881',1713,,42,2,0,11,0
1019,'1485882',1753,,43,2,0,11,0
