901019,'1489082',903,,456,57,0,16 17,0
901019,'1489083',1023,,457,57,0,16 17,0
901019,'1489084',1143,,458,57,0,16 17,0
901019,'1489085',1303,,459,57,0,16 17,0
901019,'1489086',1423,,460,57,0,16 17,0
901019,'1489087',1543,,461,57,0,16 17,0
901019,'1489088',1703,,462,57,0,16 17,0
901019,'1489089',1823,,463,57,0,16 17,0
901019,'1489090',1943,,464,57,0,16 17,0
901019,'1489091',2103,,465,57,0,16 17,0
901019,'1489092',2223,,466,57,0,16 17,0
901019,'1492540',1943,,494,57,0,16 17,0
901019,'1492541',2103,,495,57,0,16 17,0
901019,'1492542',2223,,496,57,0,16 17,0
902019,'1492543',1903,,514,25,0,16 17,0
902019,'1492544',2023,,515,25,0,16 17,0
902019,'1492545',2143,,516,25,0,16 17,0
902019,'1492546',823,,517,25,0,16 17,0
902019,'1492547',943,,518,25,0,16 17,0
902019,'1492548',1103,,519,25,0,16 17,0
902019,'1492549',1223,,520,25,0,16 17,0
902019,'1492550',1343,,521,25,0,16 17,0
902019,'1492551',1503,,522,25,0,16 17,0
902019,'1492552',1623,,523,25,0,16 17,0
902019,'1492553',1743,,524,25,0,16 17,0
902019,'1492554',1903,,525,25,0,16 17,0
902019,'1492555',2023,,526,25,0,16 17,0
902019,'1492556',2143,,527,25,0,16 17,0
30000019,'1486494',935,,528,13,,,0
30000019,'1486495',1035,,529,13,,,0
30000019,'1486496',1135,,530,13,,,0
30000019,'1486497',1235,,531,13,,,0
30000019,'1486498',1335,,532,13,,,0
30000019,'1486499',1435,,533,13,,,0
30000019,'1486500',1535,,534,13,,,0
30000019,'1486501',1635,,535,13,,,0
