15019,'1480582',620,,255,1,0,6,0
15019,'1480583',820,,256,1,0,6,0
901019,'1489082',905,,456,58,,,0
901019,'1489083',1025,,457,58,,,0
901019,'1489084',1145,,458,58,,,0
901019,'1489085',1305,,459,58,,,0
901019,'1489086',1425,,460,58,,,0
901019,'1489087',1545,,461,58,,,0
901019,'1489088',1705,,462,58,,,0
901019,'1489089',1825,,463,58,,,0
901019,'1489090',1945,,464,58,,,0
901019,'1489091',2105,,465,58,,,0
901019,'1489092',2225,,466,58,,,0
901019,'1492528',715,,482,34,,,0
901019,'1492529',815,,483,34,,,0
901019,'1492530',915,,484,34,,,0
901019,'1492531',1015,,485,34,,,0
901019,'1492532',1115,,486,34,,,0
901019,'1492533',1215,,487,34,,,0
901019,'1492534',1315,,488,34,,,0
901019,'1492535',1415,,489,34,,,0
901019,'1492536',1515,,490,34,,,0
901019,'1492537',1615,,491,34,,,0
901019,'1492538',1715,,492,34,,,0
901019,'1492539',1815,,493,34,,,0
901019,'1492540',1945,,494,58,,,0
901019,'1492541',2105,,495,58,,,0
901019,'1492542',2225,,496,58,,,0
902019,'1489896',735,,503,34,0,6,0
902019,'1489897',835,,504,34,0,6,0
902019,'1489898',935,,505,34,0,6,0
902019,'1489899',1035,,506,34,0,6,0
902019,'1489900',1135,,507,34,0,6,0
902019,'1489901',1235,,508,34,0,6,0
902019,'1489902',1335,,509,34,0,6,0
902019,'1489903',1435,,510,34,0,6,0
902019,'1489904',1535,,511,34,0,6,0
902019,'1489905',1635,,512,34,0,6,0
902019,'1489906',1735,,513,34,0,6,0
902019,'1492543',1905,,514,26,0,16 17,0
902019,'1492544',2025,,515,26,0,16 17,0
902019,'1492545',2145,,516,26,0,16 17,0
902019,'1492546',825,,517,26,0,16 17,0
902019,'1492547',945,,518,26,0,16 17,0
902019,'1492548',1105,,519,26,0,16 17,0
902019,'1492549',1225,,520,26,0,16 17,0
902019,'1492550',1345,,521,26,0,16 17,0
902019,'1492551',1505,,522,26,0,16 17,0
902019,'1492552',1625,,523,26,0,16 17,0
902019,'1492553',1745,,524,26,0,16 17,0
902019,'1492554',1905,,525,26,0,16 17,0
902019,'1492555',2025,,526,26,0,16 17,0
902019,'1492556',2145,,527,26,0,16 17,0
903019,'1492557',755,,443,34,,,0
903019,'1492558',855,,444,34,,,0
903019,'1492559',955,,445,34,,,0
903019,'1492560',1055,,446,34,,,0
903019,'1492561',1155,,447,34,,,0
903019,'1492562',1255,,448,34,,,0
903019,'1492563',1355,,449,34,,,0
903019,'1492564',1455,,450,34,,,0
903019,'1492565',1555,,451,34,,,0
903019,'1492566',1655,,452,34,,,0
903019,'1492567',1755,,453,34,,,0
