4019,'1489036',652,,65,16,,,0
4019,'1489037',732,,66,16,,,0
4019,'1489038',812,,67,16,,,0
4019,'1489039',852,,68,16,,,0
4019,'1489040',932,,69,16,,,0
4019,'1489041',1012,,70,16,,,0
4019,'1489042',1052,,71,16,,,0
4019,'1489043',1132,,72,16,,,0
4019,'1489044',1212,,73,16,,,0
4019,'1489045',1252,,74,16,,,0
4019,'1489046',1332,,75,16,,,0
4019,'1489047',1412,,76,16,,,0
4019,'1489048',1452,,77,16,,,0
4019,'1489049',1532,,78,16,,,0
4019,'1489050',1612,,79,16,,,0
4019,'1489051',1652,,80,16,,,0
4019,'1489052',1732,,81,16,,,0
4019,'1489053',1812,,82,16,,,0
4019,'1489054',1852,,83,16,,,0
4019,'1489055',1932,,84,16,,,0
4019,'1489056',2012,,85,16,,,0
4019,'1489057',2052,,86,16,,,0
4019,'1489058',2132,,87,16,,,0
4019,'1489059',2212,,88,16,,,0
4019,'1489060',812,,89,16,,,0
4019,'1489061',852,,90,16,,,0
4019,'1489062',932,,91,16,,,0
4019,'1489063',1012,,92,16,,,0
4019,'1489064',1052,,93,16,,,0
4019,'1489065',1132,,94,16,,,0
4019,'1489066',1212,,95,16,,,0
4019,'1489067',1252,,96,16,,,0
4019,'1489068',1332,,97,16,,,0
4019,'1489069',1412,,98,16,,,0
4019,'1489070',1452,,99,16,,,0
4019,'1489071',1532,,100,16,,,0
4019,'1489072',1612,,101,16,,,0
4019,'1489073',1652,,102,16,,,0
4019,'1489074',1732,,103,16,,,0
4019,'1489075',1812,,104,16,,,0
4019,'1489076',1852,,105,16,,,0
4019,'1489077',1932,,106,16,,,0
4019,'1489078',2012,,107,16,,,0
4019,'1489079',2052,,108,16,,,0
4019,'1489080',2132,,109,16,,,0
4019,'1489081',2212,,110,16,,,0
