15019,'1484063',652,,257,27,,,0
15019,'1484064',752,,258,27,,,0
15019,'1484065',852,,259,27,,,0
15019,'1484066',952,,260,27,,,0
15019,'1484067',1052,,261,27,,,0
15019,'1484068',1152,,262,27,,,0
15019,'1484069',1252,,263,27,,,0
15019,'1484070',1352,,264,27,,,0
15019,'1484071',1452,,265,27,,,0
15019,'1484072',1552,,266,27,,,0
15019,'1484073',1652,,267,27,,,0
15019,'1484074',1752,,268,27,,,0
15019,'1489344',1852,,269,27,,,0
15019,'1489345',1952,,270,27,,,0
15019,'1489346',2052,,271,27,,,0
15019,'1489347',2152,,272,27,,,0
15019,'1489348',852,,273,27,,,0
15019,'1489349',952,,274,27,,,0
15019,'1489350',1052,,275,27,,,0
15019,'1489351',1152,,276,27,,,0
15019,'1489352',1252,,277,27,,,0
15019,'1489353',1352,,278,27,,,0
15019,'1489354',1452,,279,27,,,0
15019,'1489355',1552,,280,27,,,0
15019,'1489356',1652,,281,27,,,0
15019,'1489357',1752,,282,27,,,0
15019,'1489358',1852,,283,27,,,0
15019,'1489359',1952,,284,27,,,0
15019,'1489360',2052,,285,27,,,0
15019,'1489361',2152,,286,27,,,0
