16019,'1488147',742,,287,4,0,9 10,0
16019,'1488148',842,,288,4,0,9 10,0
16019,'1488149',942,,289,4,0,9 10,0
16019,'1488162',1242,,290,4,0,9 10,0
16019,'1488163',1342,,291,4,0,9 10,0
16019,'1488164',1442,,292,4,0,9 10,0
16019,'1488165',1542,,293,4,0,9 10,0
16019,'1488166',1642,,294,4,0,9 10,0
16019,'1488167',1742,,295,4,0,9 10,0
16019,'1492416',1042,,296,4,0,9 10,0
16019,'1492417',1142,,297,4,0,9 10,0
16019,'1492418',1042,,298,4,0,9 10,0
16019,'1492419',1142,,299,4,0,9 10,0
16019,'1492420',1442,,300,4,0,9 10,0
16019,'1492421',1542,,301,4,0,9 10,0
16019,'1492471',842,,302,4,0,9 10,0
16019,'1492472',942,,303,4,0,9 10,0
16019,'1492473',1642,,304,4,0,9 10,0
16019,'1492474',1742,,305,4,0,9 10,0
16019,'1492475',1242,,306,4,0,9 10,0
16019,'1492476',1342,,307,4,0,9 10,0
