20019,'1492422',653,,378,20,,,0
20019,'1492423',733,,379,20,,,0
20019,'1492424',813,,380,20,,,0
20019,'1492425',853,,381,20,,,0
20019,'1492426',933,,382,20,,,0
20019,'1492427',1013,,383,20,,,0
20019,'1492428',1053,,384,20,,,0
20019,'1492429',1133,,385,20,,,0
20019,'1492430',1213,,386,20,,,0
20019,'1492431',1253,,387,20,,,0
20019,'1492432',1333,,388,20,,,0
20019,'1492433',1413,,389,20,,,0
20019,'1492434',1453,,390,20,,,0
20019,'1492435',1533,,391,20,,,0
20019,'1492436',1613,,392,20,,,0
20019,'1492437',1653,,393,20,,,0
20019,'1492438',1733,,394,20,,,0
20019,'1492439',1813,,395,20,,,0
20019,'1492440',813,,396,20,,,0
20019,'1492441',853,,397,20,,,0
20019,'1492442',933,,398,20,,,0
20019,'1492443',1013,,399,20,,,0
20019,'1492444',1053,,400,20,,,0
20019,'1492445',1133,,401,20,,,0
20019,'1492446',1213,,402,20,,,0
20019,'1492447',1253,,403,20,,,0
20019,'1492448',1333,,404,20,,,0
20019,'1492449',1413,,405,20,,,0
20019,'1492450',1453,,406,20,,,0
20019,'1492451',1533,,407,20,,,0
20019,'1492452',1613,,408,20,,,0
20019,'1492453',1653,,409,20,,,0
20019,'1492454',1733,,410,20,,,0
20019,'1492455',1813,,411,20,,,0
