15019,'1484063',636,,257,10,,,0
15019,'1484064',736,,258,10,,,0
15019,'1484065',836,,259,10,,,0
15019,'1484066',936,,260,10,,,0
15019,'1484067',1036,,261,10,,,0
15019,'1484068',1136,,262,10,,,0
15019,'1484069',1236,,263,10,,,0
15019,'1484070',1336,,264,10,,,0
15019,'1484071',1436,,265,10,,,0
15019,'1484072',1536,,266,10,,,0
15019,'1484073',1636,,267,10,,,0
15019,'1484074',1736,,268,10,,,0
15019,'1489344',1836,,269,10,,,0
15019,'1489345',1936,,270,10,,,0
15019,'1489346',2036,,271,10,,,0
15019,'1489347',2136,,272,10,,,0
15019,'1489348',836,,273,10,,,0
15019,'1489349',936,,274,10,,,0
15019,'1489350',1036,,275,10,,,0
15019,'1489351',1136,,276,10,,,0
15019,'1489352',1236,,277,10,,,0
15019,'1489353',1336,,278,10,,,0
15019,'1489354',1436,,279,10,,,0
15019,'1489355',1536,,280,10,,,0
15019,'1489356',1636,,281,10,,,0
15019,'1489357',1736,,282,10,,,0
15019,'1489358',1836,,283,10,,,0
15019,'1489359',1936,,284,10,,,0
15019,'1489360',2036,,285,10,,,0
15019,'1489361',2136,,286,10,,,0
