20019,'1492422',635,,378,6,,,0
20019,'1492423',715,,379,6,,,0
20019,'1492424',755,,380,6,,,0
20019,'1492425',835,,381,6,,,0
20019,'1492426',915,,382,6,,,0
20019,'1492427',955,,383,6,,,0
20019,'1492428',1035,,384,6,,,0
20019,'1492429',1115,,385,6,,,0
20019,'1492430',1155,,386,6,,,0
20019,'1492431',1235,,387,6,,,0
20019,'1492432',1315,,388,6,,,0
20019,'1492433',1355,,389,6,,,0
20019,'1492434',1435,,390,6,,,0
20019,'1492435',1515,,391,6,,,0
20019,'1492436',1555,,392,6,,,0
20019,'1492437',1635,,393,6,,,0
20019,'1492438',1715,,394,6,,,0
20019,'1492439',1755,,395,6,,,0
20019,'1492440',755,,396,6,,,0
20019,'1492441',835,,397,6,,,0
20019,'1492442',915,,398,6,,,0
20019,'1492443',955,,399,6,,,0
20019,'1492444',1035,,400,6,,,0
20019,'1492445',1115,,401,6,,,0
20019,'1492446',1155,,402,6,,,0
20019,'1492447',1235,,403,6,,,0
20019,'1492448',1315,,404,6,,,0
20019,'1492449',1355,,405,6,,,0
20019,'1492450',1435,,406,6,,,0
20019,'1492451',1515,,407,6,,,0
20019,'1492452',1555,,408,6,,,0
20019,'1492453',1635,,409,6,,,0
20019,'1492454',1715,,410,6,,,0
20019,'1492455',1755,,411,6,,,0
