15019,'1484063',655,,257,31,,,0
15019,'1484064',755,,258,31,,,0
15019,'1484065',855,,259,31,,,0
15019,'1484066',955,,260,31,,,0
15019,'1484067',1055,,261,31,,,0
15019,'1484068',1155,,262,31,,,0
15019,'1484069',1255,,263,31,,,0
15019,'1484070',1355,,264,31,,,0
15019,'1484071',1455,,265,31,,,0
15019,'1484072',1555,,266,31,,,0
15019,'1484073',1655,,267,31,,,0
15019,'1484074',1755,,268,31,,,0
15019,'1489344',1855,,269,31,,,0
15019,'1489345',1955,,270,31,,,0
15019,'1489346',2055,,271,31,,,0
15019,'1489347',2155,,272,31,,,0
15019,'1489348',855,,273,31,,,0
15019,'1489349',955,,274,31,,,0
15019,'1489350',1055,,275,31,,,0
15019,'1489351',1155,,276,31,,,0
15019,'1489352',1255,,277,31,,,0
15019,'1489353',1355,,278,31,,,0
15019,'1489354',1455,,279,31,,,0
15019,'1489355',1555,,280,31,,,0
15019,'1489356',1655,,281,31,,,0
15019,'1489357',1755,,282,31,,,0
15019,'1489358',1855,,283,31,,,0
15019,'1489359',1955,,284,31,,,0
15019,'1489360',2055,,285,31,,,0
15019,'1489361',2155,,286,31,,,0
