7019,'1489971',655,,113,20,0,7,0,47,,113,26,0,7,0
7019,'1489972',735,,114,20,0,7,0,7,,114,26,0,7,0
7019,'1489973',815,,115,20,0,7,0,7,,115,26,0,7,0
7019,'1489974',855,,116,20,0,7,0,47,,116,26,0,7,0
7019,'1489975',935,,117,20,0,7,0,7,,117,26,0,7,0
7019,'1489976',1015,,118,20,0,7,0,7,,118,26,0,7,0
7019,'1489983',1455,,119,20,0,7,0,47,,119,26,0,7,0
7019,'1489984',1535,,120,20,0,7,0,7,,120,26,0,7,0
7019,'1489985',1615,,121,20,0,7,0,7,,121,26,0,7,0
7019,'1489986',1655,,122,20,0,7,0,47,,122,26,0,7,0
7019,'1489987',1735,,123,20,0,7,0,7,,123,26,0,7,0
7019,'1489988',1815,,124,20,0,7,0,7,,124,26,0,7,0
7019,'1489995',815,,125,20,0,7,0,7,,125,26,0,7,0
7019,'1489996',855,,126,20,0,7,0,47,,126,26,0,7,0
7019,'1489997',935,,127,20,0,7,0,7,,127,26,0,7,0
7019,'1489998',1015,,128,20,0,7,0,7,,128,26,0,7,0
7019,'1489999',1055,,129,20,0,7,0,47,,129,26,0,7,0
7019,'1490000',1135,,130,20,0,7,0,7,,130,26,0,7,0
7019,'1490001',1215,,131,20,0,7,0,7,,131,26,0,7,0
7019,'1490002',1255,,132,20,0,7,0,47,,132,26,0,7,0
7019,'1490003',1335,,133,20,0,7,0,7,,133,26,0,7,0
7019,'1490004',1415,,134,20,0,7,0,7,,134,26,0,7,0
7019,'1490005',1455,,135,20,0,7,0,47,,135,26,0,7,0
7019,'1490006',1535,,136,20,0,7,0,7,,136,26,0,7,0
7019,'1490007',1615,,137,20,0,7,0,7,,137,26,0,7,0
7019,'1490008',1655,,138,20,0,7,0,47,,138,26,0,7,0
7019,'1490009',1735,,139,20,0,7,0,7,,139,26,0,7,0
7019,'1490010',1815,,140,20,0,7,0,7,,140,26,0,7,0
7019,'1492401',1255,,141,20,0,7,0,47,,141,26,0,7,0
7019,'1492402',1335,,142,20,0,7,0,7,,142,26,0,7,0
7019,'1492403',1415,,143,20,0,7,0,7,,143,26,0,7,0
7019,'1492404',1655,,144,20,0,7,0,47,,144,26,0,7,0
7019,'1492405',1735,,145,20,0,7,0,7,,145,26,0,7,0
7019,'1492406',1815,,146,20,0,7,0,7,,146,26,0,7,0
7019,'1492407',1255,,147,20,0,7,0,47,,147,26,0,7,0
7019,'1492408',1335,,148,20,0,7,0,7,,148,26,0,7,0
7019,'1492409',1415,,149,20,0,7,0,7,,149,26,0,7,0
7019,'1492456',1055,,150,20,0,7,0,47,,150,26,0,7,0
7019,'1492457',1135,,151,20,0,7,0,7,,151,26,0,7,0
7019,'1492458',1215,,152,20,0,7,0,7,,152,26,0,7,0
7019,'1492459',1455,,153,20,0,7,0,47,,153,26,0,7,0
7019,'1492460',1535,,154,20,0,7,0,7,,154,26,0,7,0
7019,'1492461',1615,,155,20,0,7,0,7,,155,26,0,7,0
7019,'1492462',1055,,156,20,0,7,0,47,,156,26,0,7,0
7019,'1492463',1135,,157,20,0,7,0,7,,157,26,0,7,0
7019,'1492464',1215,,158,20,0,7,0,7,,158,26,0,7,0
