12019,'1492505',729,,184,21,0,12 13,0
12019,'1492506',829,,185,21,0,12 13,0
12019,'1492507',1129,,186,21,0,12 13,0
12019,'1492508',1229,,187,21,0,12 13,0
12019,'1492509',1529,,188,21,0,12 13,0
12019,'1492510',1629,,189,21,0,12 13,0
12019,'1492511',829,,190,21,0,12 13,0
12019,'1492512',1129,,191,21,0,12 13,0
12019,'1492513',1229,,192,21,0,12 13,0
12019,'1492514',1529,,193,21,0,12 13,0
12019,'1492515',1629,,194,21,0,12 13,0
12019,'1492516',929,,195,21,0,12 13,0
12019,'1492517',1029,,196,21,0,12 13,0
12019,'1492518',1329,,197,21,0,12 13,0
12019,'1492519',1429,,198,21,0,12 13,0
12019,'1492520',1729,,199,21,0,12 13,0
12019,'1492521',1829,,200,21,0,12 13,0
12019,'1492522',929,,201,21,0,12 13,0
12019,'1492523',1029,,202,21,0,12 13,0
12019,'1492524',1329,,203,21,0,12 13,0
12019,'1492525',1429,,204,21,0,12 13,0
12019,'1492526',1729,,205,21,0,12 13,0
12019,'1492527',1829,,206,21,0,12 13,0
