16019,'1488147',740,,287,2,0,9 10,0
16019,'1488148',840,,288,2,0,9 10,0
16019,'1488149',940,,289,2,0,9 10,0
16019,'1488162',1240,,290,2,0,9 10,0
16019,'1488163',1340,,291,2,0,9 10,0
16019,'1488164',1440,,292,2,0,9 10,0
16019,'1488165',1540,,293,2,0,9 10,0
16019,'1488166',1640,,294,2,0,9 10,0
16019,'1488167',1740,,295,2,0,9 10,0
16019,'1492416',1040,,296,2,0,9 10,0
16019,'1492417',1140,,297,2,0,9 10,0
16019,'1492418',1040,,298,2,0,9 10,0
16019,'1492419',1140,,299,2,0,9 10,0
16019,'1492420',1440,,300,2,0,9 10,0
16019,'1492421',1540,,301,2,0,9 10,0
16019,'1492471',840,,302,2,0,9 10,0
16019,'1492472',940,,303,2,0,9 10,0
16019,'1492473',1640,,304,2,0,9 10,0
16019,'1492474',1740,,305,2,0,9 10,0
16019,'1492475',1240,,306,2,0,9 10,0
16019,'1492476',1340,,307,2,0,9 10,0
901019,'1489082',821,,456,27,0,6,0
901019,'1489083',941,,457,27,0,6,0
901019,'1489084',1101,,458,27,0,6,0
901019,'1489085',1221,,459,27,0,6,0
901019,'1489086',1341,,460,27,0,6,0
901019,'1489087',1501,,461,27,0,6,0
901019,'1489088',1621,,462,27,0,6,0
901019,'1489089',1741,,463,27,0,6,0
901019,'1489090',1901,,464,27,0,6,0
901019,'1489091',2021,,465,27,0,6,0
901019,'1489092',2141,,466,27,0,6,0
901019,'1489247',1901,,467,27,0,6,0
901019,'1489248',2021,,468,27,0,6,0
901019,'1489249',2141,,469,27,0,6,0
901019,'1489884',701,,470,27,0,6,0
901019,'1489885',801,,471,27,0,6,0
901019,'1489886',901,,472,27,0,6,0
901019,'1489887',1001,,473,27,0,6,0
901019,'1489888',1101,,474,27,0,6,0
901019,'1489889',1201,,475,27,0,6,0
901019,'1489890',1301,,476,27,0,6,0
901019,'1489891',1401,,477,27,0,6,0
901019,'1489892',1501,,478,27,0,6,0
901019,'1489893',1601,,479,27,0,6,0
901019,'1489894',1701,,480,27,0,6,0
901019,'1489895',1801,,481,27,0,6,0
901019,'1492528',701,,482,27,0,6,0
901019,'1492529',801,,483,27,0,6,0
901019,'1492530',901,,484,27,0,6,0
901019,'1492531',1001,,485,27,0,6,0
901019,'1492532',1101,,486,27,0,6,0
901019,'1492533',1201,,487,27,0,6,0
901019,'1492534',1301,,488,27,0,6,0
901019,'1492535',1401,,489,27,0,6,0
901019,'1492536',1501,,490,27,0,6,0
901019,'1492537',1601,,491,27,0,6,0
901019,'1492538',1701,,492,27,0,6,0
901019,'1492539',1801,,493,27,0,6,0
901019,'1492540',1901,,494,27,0,6,0
901019,'1492541',2021,,495,27,0,6,0
901019,'1492542',2141,,496,27,0,6,0
902019,'1488205',1941,,497,53,0,6,0
902019,'1488206',2101,,498,53,0,6,0
902019,'1488207',2221,,499,53,0,6,0
902019,'1488257',1821,,500,27,0,6,0
902019,'1489896',721,,503,27,0,6,0
902019,'1489897',821,,504,27,0,6,0
902019,'1489898',921,,505,27,0,6,0
902019,'1489899',1021,,506,27,0,6,0
902019,'1489900',1121,,507,27,0,6,0
902019,'1489901',1221,,508,27,0,6,0
902019,'1489902',1321,,509,27,0,6,0
902019,'1489903',1421,,510,27,0,6,0
902019,'1489904',1521,,511,27,0,6,0
902019,'1489905',1621,,512,27,0,6,0
902019,'1489906',1721,,513,27,0,6,0
902019,'1492543',1941,,514,53,0,6,0
902019,'1492544',2101,,515,53,0,6,0
902019,'1492545',2221,,516,53,0,6,0
902019,'1492546',901,,517,53,0,6,0
902019,'1492547',1021,,518,53,0,6,0
902019,'1492548',1141,,519,53,0,6,0
902019,'1492549',1301,,520,53,0,6,0
902019,'1492550',1421,,521,53,0,6,0
902019,'1492551',1541,,522,53,0,6,0
902019,'1492552',1701,,523,53,0,6,0
902019,'1492553',1821,,524,53,0,6,0
902019,'1492554',1941,,525,53,0,6,0
902019,'1492555',2101,,526,53,0,6,0
902019,'1492556',2221,,527,53,0,6,0
903019,'1492477',741,,432,27,,,0
903019,'1492478',841,,433,27,,,0
903019,'1492479',941,,434,27,,,0
903019,'1492480',1041,,435,27,,,0
903019,'1492481',1141,,436,27,,,0
903019,'1492482',1241,,437,27,,,0
903019,'1492483',1341,,438,27,,,0
903019,'1492484',1441,,439,27,,,0
903019,'1492485',1541,,440,27,,,0
903019,'1492486',1641,,441,27,,,0
903019,'1492487',1741,,442,27,,,0
903019,'1492557',741,,443,27,,,0
903019,'1492558',841,,444,27,,,0
903019,'1492559',941,,445,27,,,0
903019,'1492560',1041,,446,27,,,0
903019,'1492561',1141,,447,27,,,0
903019,'1492562',1241,,448,27,,,0
903019,'1492563',1341,,449,27,,,0
903019,'1492564',1441,,450,27,,,0
903019,'1492565',1541,,451,27,,,0
903019,'1492566',1641,,452,27,,,0
903019,'1492567',1741,,453,27,,,0
