12019,'1490514',731,,172,25,0,12 13,0
12019,'1490515',831,,173,25,0,12 13,0
12019,'1490516',931,,174,25,0,12 13,0
12019,'1490517',1031,,175,25,0,12 13,0
12019,'1490533',1531,,176,25,0,12 13,0
12019,'1490534',1631,,177,25,0,12 13,0
12019,'1490535',1731,,178,25,0,12 13,0
12019,'1490536',1831,,179,25,0,12 13,0
12019,'1492410',1131,,180,25,0,12 13,0
12019,'1492411',1231,,181,25,0,12 13,0
12019,'1492465',1331,,182,25,0,12 13,0
12019,'1492466',1431,,183,25,0,12 13,0
12019,'1492505',731,,184,25,0,12 13,0
12019,'1492506',831,,185,25,0,12 13,0
12019,'1492507',1131,,186,25,0,12 13,0
12019,'1492508',1231,,187,25,0,12 13,0
12019,'1492509',1531,,188,25,0,12 13,0
12019,'1492510',1631,,189,25,0,12 13,0
12019,'1492511',831,,190,25,0,12 13,0
12019,'1492512',1131,,191,25,0,12 13,0
12019,'1492513',1231,,192,25,0,12 13,0
12019,'1492514',1531,,193,25,0,12 13,0
12019,'1492515',1631,,194,25,0,12 13,0
12019,'1492516',931,,195,25,0,12 13,0
12019,'1492517',1031,,196,25,0,12 13,0
12019,'1492518',1331,,197,25,0,12 13,0
12019,'1492519',1431,,198,25,0,12 13,0
12019,'1492520',1731,,199,25,0,12 13,0
12019,'1492521',1831,,200,25,0,12 13,0
12019,'1492522',931,,201,25,0,12 13,0
12019,'1492523',1031,,202,25,0,12 13,0
12019,'1492524',1331,,203,25,0,12 13,0
12019,'1492525',1431,,204,25,0,12 13,0
12019,'1492526',1731,,205,25,0,12 13,0
12019,'1492527',1831,,206,25,0,12 13,0
