66019,'1489865',806,,412,5,,,0
66019,'1489866',836,,413,5,,,0
66019,'1489867',906,,414,5,,,0
66019,'1489868',936,,415,5,,,0
66019,'1489869',1006,,416,5,,,0
66019,'1489870',1036,,417,5,,,0
66019,'1489871',1106,,418,5,,,0
66019,'1489872',1136,,419,5,,,0
66019,'1489873',1206,,420,5,,,0
66019,'1489874',1236,,421,5,,,0
66019,'1489875',1306,,422,5,,,0
66019,'1489876',1336,,423,5,,,0
66019,'1489877',1406,,424,5,,,0
66019,'1489878',1436,,425,5,,,0
66019,'1489879',1506,,426,5,,,0
66019,'1489880',1536,,427,5,,,0
66019,'1489881',1606,,428,5,,,0
66019,'1489882',1636,,429,5,,,0
66019,'1489883',1706,,430,5,,,0
