7019,'1482898',631,,111,6,0,8,0
7019,'1482899',751,,112,6,0,8,0
12019,'1482623',701,,170,6,0,8,0
12019,'1482624',801,,171,6,0,8,0
16019,'1488147',759,,287,17,0,9 10,0
16019,'1488148',859,,288,17,0,9 10,0
16019,'1488149',959,,289,17,0,9 10,0
16019,'1488162',1259,,290,17,0,9 10,0
16019,'1488163',1359,,291,17,0,9 10,0
16019,'1488164',1459,,292,17,0,9 10,0
16019,'1488165',1559,,293,17,0,9 10,0
16019,'1488166',1659,,294,17,0,9 10,0
16019,'1488167',1759,,295,17,0,9 10,0
16019,'1492416',1059,,296,17,0,9 10,0
16019,'1492417',1159,,297,17,0,9 10,0
16019,'1492418',1059,,298,17,0,9 10,0
16019,'1492419',1159,,299,17,0,9 10,0
16019,'1492420',1459,,300,17,0,9 10,0
16019,'1492421',1559,,301,17,0,9 10,0
16019,'1492471',859,,302,17,0,9 10,0
16019,'1492472',959,,303,17,0,9 10,0
16019,'1492473',1659,,304,17,0,9 10,0
16019,'1492474',1759,,305,17,0,9 10,0
16019,'1492475',1259,,306,17,0,9 10,0
16019,'1492476',1359,,307,17,0,9 10,0
