93019,'1492477',715,,432,7,0,5,0
93019,'1492478',815,,433,7,0,5,0
93019,'1492479',915,,434,7,0,5,0
93019,'1492480',1015,,435,7,0,5,0
93019,'1492481',1115,,436,7,0,5,0
93019,'1492482',1215,,437,7,0,5,0
93019,'1492483',1315,,438,7,0,5,0
93019,'1492484',1415,,439,7,0,5,0
93019,'1492485',1515,,440,7,0,5,0
93019,'1492486',1615,,441,7,0,5,0
93019,'1492487',1715,,442,7,0,5,0
93019,'1492557',715,,443,7,0,5,0
93019,'1492558',815,,444,7,0,5,0
93019,'1492559',915,,445,7,0,5,0
93019,'1492560',1015,,446,7,0,5,0
93019,'1492561',1115,,447,7,0,5,0
93019,'1492562',1215,,448,7,0,5,0
93019,'1492563',1315,,449,7,0,5,0
93019,'1492564',1415,,450,7,0,5,0
93019,'1492565',1515,,451,7,0,5,0
93019,'1492566',1615,,452,7,0,5,0
93019,'1492567',1715,,453,7,0,5,0
901019,'1489082',755,,456,7,,,0
901019,'1489083',915,,457,7,,,0
901019,'1489084',1035,,458,7,,,0
901019,'1489085',1155,,459,7,,,0
901019,'1489086',1315,,460,7,,,0
901019,'1489087',1435,,461,7,,,0
901019,'1489088',1555,,462,7,,,0
901019,'1489089',1715,,463,7,,,0
901019,'1489090',1835,,464,7,,,0
901019,'1489091',1955,,465,7,,,0
901019,'1489092',2115,,466,7,,,0
901019,'1489247',1835,,467,7,,,0
901019,'1489248',1955,,468,7,,,0
901019,'1489249',2115,,469,7,,,0
901019,'1489884',635,,470,7,,,0
901019,'1489885',735,,471,7,,,0
901019,'1489886',835,,472,7,,,0
901019,'1489887',935,,473,7,,,0
901019,'1489888',1035,,474,7,,,0
901019,'1489889',1135,,475,7,,,0
901019,'1489890',1235,,476,7,,,0
901019,'1489891',1335,,477,7,,,0
901019,'1489892',1435,,478,7,,,0
901019,'1489893',1535,,479,7,,,0
901019,'1489894',1635,,480,7,,,0
901019,'1489895',1735,,481,7,,,0
901019,'1492528',635,,482,7,,,0
901019,'1492529',735,,483,7,,,0
901019,'1492530',835,,484,7,,,0
901019,'1492531',935,,485,7,,,0
901019,'1492532',1035,,486,7,,,0
901019,'1492533',1135,,487,7,,,0
901019,'1492534',1235,,488,7,,,0
901019,'1492535',1335,,489,7,,,0
901019,'1492536',1435,,490,7,,,0
901019,'1492537',1535,,491,7,,,0
901019,'1492538',1635,,492,7,,,0
901019,'1492539',1735,,493,7,,,0
901019,'1492540',1835,,494,7,,,0
901019,'1492541',1955,,495,7,,,0
901019,'1492542',2115,,496,7,,,0
902019,'1488205',1915,,497,33,,,0
902019,'1488206',2035,,498,33,,,0
902019,'1488207',2155,,499,33,,,0
902019,'1488257',1755,,500,7,,,0
902019,'1489896',655,,503,7,,,0
902019,'1489897',755,,504,7,,,0
902019,'1489898',855,,505,7,,,0
902019,'1489899',955,,506,7,,,0
902019,'1489900',1055,,507,7,,,0
902019,'1489901',1155,,508,7,,,0
902019,'1489902',1255,,509,7,,,0
902019,'1489903',1355,,510,7,,,0
902019,'1489904',1455,,511,7,,,0
902019,'1489905',1555,,512,7,,,0
902019,'1489906',1655,,513,7,,,0
902019,'1492543',1915,,514,33,,,0
902019,'1492544',2035,,515,33,,,0
902019,'1492545',2155,,516,33,,,0
902019,'1492546',835,,517,33,,,0
902019,'1492547',955,,518,33,,,0
902019,'1492548',1115,,519,33,,,0
902019,'1492549',1235,,520,33,,,0
902019,'1492550',1355,,521,33,,,0
902019,'1492551',1515,,522,33,,,0
902019,'1492552',1635,,523,33,,,0
902019,'1492553',1755,,524,33,,,0
902019,'1492554',1915,,525,33,,,0
902019,'1492555',2035,,526,33,,,0
902019,'1492556',2155,,527,33,,,0
