20019,'1492422',658,,378,25,,,0
20019,'1492423',738,,379,25,,,0
20019,'1492424',818,,380,25,,,0
20019,'1492425',858,,381,25,,,0
20019,'1492426',938,,382,25,,,0
20019,'1492427',1018,,383,25,,,0
20019,'1492428',1058,,384,25,,,0
20019,'1492429',1138,,385,25,,,0
20019,'1492430',1218,,386,25,,,0
20019,'1492431',1258,,387,25,,,0
20019,'1492432',1338,,388,25,,,0
20019,'1492433',1418,,389,25,,,0
20019,'1492434',1458,,390,25,,,0
20019,'1492435',1538,,391,25,,,0
20019,'1492436',1618,,392,25,,,0
20019,'1492437',1658,,393,25,,,0
20019,'1492438',1738,,394,25,,,0
20019,'1492439',1818,,395,25,,,0
20019,'1492440',818,,396,25,,,0
20019,'1492441',858,,397,25,,,0
20019,'1492442',938,,398,25,,,0
20019,'1492443',1018,,399,25,,,0
20019,'1492444',1058,,400,25,,,0
20019,'1492445',1138,,401,25,,,0
20019,'1492446',1218,,402,25,,,0
20019,'1492447',1258,,403,25,,,0
20019,'1492448',1338,,404,25,,,0
20019,'1492449',1418,,405,25,,,0
20019,'1492450',1458,,406,25,,,0
20019,'1492451',1538,,407,25,,,0
20019,'1492452',1618,,408,25,,,0
20019,'1492453',1658,,409,25,,,0
20019,'1492454',1738,,410,25,,,0
20019,'1492455',1818,,411,25,,,0
