15019,'1484063',704,,257,42,,,0
15019,'1484064',804,,258,42,,,0
15019,'1484065',904,,259,42,,,0
15019,'1484066',1004,,260,42,,,0
15019,'1484067',1104,,261,42,,,0
15019,'1484068',1204,,262,42,,,0
15019,'1484069',1304,,263,42,,,0
15019,'1484070',1404,,264,42,,,0
15019,'1484071',1504,,265,42,,,0
15019,'1484072',1604,,266,42,,,0
15019,'1484073',1704,,267,42,,,0
15019,'1484074',1804,,268,42,,,0
15019,'1489344',1904,,269,42,,,0
15019,'1489345',2004,,270,42,,,0
15019,'1489346',2104,,271,42,,,0
15019,'1489347',2204,,272,42,,,0
15019,'1489348',904,,273,42,,,0
15019,'1489349',1004,,274,42,,,0
15019,'1489350',1104,,275,42,,,0
15019,'1489351',1204,,276,42,,,0
15019,'1489352',1304,,277,42,,,0
15019,'1489353',1404,,278,42,,,0
15019,'1489354',1504,,279,42,,,0
15019,'1489355',1604,,280,42,,,0
15019,'1489356',1704,,281,42,,,0
15019,'1489357',1804,,282,42,,,0
15019,'1489358',1904,,283,42,,,0
15019,'1489359',2004,,284,42,,,0
15019,'1489360',2104,,285,42,,,0
15019,'1489361',2204,,286,42,,,0
