1,1019,'1481753',1
1,1019,'1481754',2
1,1019,'1482680',3
1,1019,'1482681',4
1,1019,'1482682',5
1,1019,'1482683',6
1,1019,'1482684',7
1,1019,'1482685',8
1,1019,'1482686',9
1,1019,'1482687',10
1,1019,'1482688',11
1,1019,'1482689',12
1,1019,'1482690',13
1,1019,'1482691',14
1,1019,'1482692',15
1,1019,'1482693',16
1,1019,'1482694',17
1,1019,'1482695',18
1,1019,'1482696',19
1,1019,'1482697',20
1,1019,'1482698',21
1,1019,'1482699',22
1,1019,'1482700',23
1,1019,'1482701',24
1,1019,'1483501',25
1,1019,'1485865',26
1,1019,'1485866',27
1,1019,'1485867',28
1,1019,'1485868',29
1,1019,'1485869',30
1,1019,'1485870',31
1,1019,'1485871',32
1,1019,'1485872',33
1,1019,'1485873',34
1,1019,'1485874',35
1,1019,'1485875',36
1,1019,'1485876',37
1,1019,'1485877',38
1,1019,'1485878',39
1,1019,'1485879',40
1,1019,'1485880',41
1,1019,'1485881',42
1,1019,'1485882',43
2,2019,'1480619',44
2,2019,'1486350',45
2,2019,'1486351',46
2,2019,'1486352',47
2,2019,'1486353',48
2,2019,'1486354',49
2,2019,'1486355',50
2,2019,'1486356',51
2,2019,'1486357',52
2,2019,'1486358',53
2,2019,'1486359',54
2,2019,'1486360',55
2,2019,'1486361',56
2,2019,'1486362',57
2,2019,'1486363',58
2,2019,'1486364',59
2,2019,'1486365',60
2,2019,'1486366',61
2,2019,'1486958',62
4,4019,'1480746',63
4,4019,'1480747',64
4,4019,'1489036',65
4,4019,'1489037',66
4,4019,'1489038',67
4,4019,'1489039',68
4,4019,'1489040',69
4,4019,'1489041',70
4,4019,'1489042',71
4,4019,'1489043',72
4,4019,'1489044',73
4,4019,'1489045',74
4,4019,'1489046',75
4,4019,'1489047',76
4,4019,'1489048',77
4,4019,'1489049',78
4,4019,'1489050',79
4,4019,'1489051',80
4,4019,'1489052',81
4,4019,'1489053',82
4,4019,'1489054',83
4,4019,'1489055',84
4,4019,'1489056',85
4,4019,'1489057',86
4,4019,'1489058',87
4,4019,'1489059',88
4,4019,'1489060',89
4,4019,'1489061',90
4,4019,'1489062',91
4,4019,'1489063',92
4,4019,'1489064',93
4,4019,'1489065',94
4,4019,'1489066',95
4,4019,'1489067',96
4,4019,'1489068',97
4,4019,'1489069',98
4,4019,'1489070',99
4,4019,'1489071',100
4,4019,'1489072',101
4,4019,'1489073',102
4,4019,'1489074',103
4,4019,'1489075',104
4,4019,'1489076',105
4,4019,'1489077',106
4,4019,'1489078',107
4,4019,'1489079',108
4,4019,'1489080',109
4,4019,'1489081',110
7,7019,'1482898',111
7,7019,'1482899',112
7,7019,'1489971',113
7,7019,'1489972',114
7,7019,'1489973',115
7,7019,'1489974',116
7,7019,'1489975',117
7,7019,'1489976',118
7,7019,'1489983',119
7,7019,'1489984',120
7,7019,'1489985',121
7,7019,'1489986',122
7,7019,'1489987',123
7,7019,'1489988',124
7,7019,'1489995',125
7,7019,'1489996',126
7,7019,'1489997',127
7,7019,'1489998',128
7,7019,'1489999',129
7,7019,'1490000',130
7,7019,'1490001',131
7,7019,'1490002',132
7,7019,'1490003',133
7,7019,'1490004',134
7,7019,'1490005',135
7,7019,'1490006',136
7,7019,'1490007',137
7,7019,'1490008',138
7,7019,'1490009',139
7,7019,'1490010',140
7,7019,'1492401',141
7,7019,'1492402',142
7,7019,'1492403',143
7,7019,'1492404',144
7,7019,'1492405',145
7,7019,'1492406',146
7,7019,'1492407',147
7,7019,'1492408',148
7,7019,'1492409',149
7,7019,'1492456',150
7,7019,'1492457',151
7,7019,'1492458',152
7,7019,'1492459',153
7,7019,'1492460',154
7,7019,'1492461',155
7,7019,'1492462',156
7,7019,'1492463',157
7,7019,'1492464',158
10,10019,'1480547',159
10,10019,'1480551',160
10,10019,'1483448',161
10,10019,'1483449',162
10,10029,'1486951',163
10,10029,'1486952',164
10,10029,'1486953',165
10,10029,'1486954',166
10,10029,'1486955',167
10,10029,'1486956',168
10,10029,'1486957',169
12,12019,'1482623',170
12,12019,'1482624',171
12,12019,'1490514',172
12,12019,'1490515',173
12,12019,'1490516',174
12,12019,'1490517',175
12,12019,'1490533',176
12,12019,'1490534',177
12,12019,'1490535',178
12,12019,'1490536',179
12,12019,'1492410',180
12,12019,'1492411',181
12,12019,'1492465',182
12,12019,'1492466',183
12,12019,'1492505',184
12,12019,'1492506',185
12,12019,'1492507',186
12,12019,'1492508',187
12,12019,'1492509',188
12,12019,'1492510',189
12,12019,'1492511',190
12,12019,'1492512',191
12,12019,'1492513',192
12,12019,'1492514',193
12,12019,'1492515',194
12,12019,'1492516',195
12,12019,'1492517',196
12,12019,'1492518',197
12,12019,'1492519',198
12,12019,'1492520',199
12,12019,'1492521',200
12,12019,'1492522',201
12,12019,'1492523',202
12,12019,'1492524',203
12,12019,'1492525',204
12,12019,'1492526',205
12,12019,'1492527',206
14,14019,'1480854',207
14,14019,'1480855',208
14,14019,'1489925',209
14,14019,'1489926',210
14,14019,'1489927',211
14,14019,'1489928',212
14,14019,'1489929',213
14,14019,'1489930',214
14,14019,'1489931',215
14,14019,'1489932',216
14,14019,'1489933',217
14,14019,'1489934',218
14,14019,'1489935',219
14,14019,'1489936',220
14,14019,'1489937',221
14,14019,'1489938',222
14,14019,'1489939',223
14,14019,'1489940',224
14,14019,'1489941',225
14,14019,'1489942',226
14,14019,'1489943',227
14,14019,'1489944',228
14,14019,'1489945',229
14,14019,'1489946',230
14,14019,'1489947',231
14,14019,'1489948',232
14,14019,'1489949',233
14,14019,'1489950',234
14,14019,'1489951',235
14,14019,'1489952',236
14,14019,'1489953',237
14,14019,'1489954',238
14,14019,'1489955',239
14,14019,'1489956',240
14,14019,'1489957',241
14,14019,'1489958',242
14,14019,'1489959',243
14,14019,'1489960',244
14,14019,'1489961',245
14,14019,'1489962',246
14,14019,'1489963',247
14,14019,'1489964',248
14,14019,'1489965',249
14,14019,'1489966',250
14,14019,'1489967',251
14,14019,'1489968',252
14,14019,'1489969',253
14,14019,'1489970',254
15,15019,'1480582',255
15,15019,'1480583',256
15,15019,'1484063',257
15,15019,'1484064',258
15,15019,'1484065',259
15,15019,'1484066',260
15,15019,'1484067',261
15,15019,'1484068',262
15,15019,'1484069',263
15,15019,'1484070',264
15,15019,'1484071',265
15,15019,'1484072',266
15,15019,'1484073',267
15,15019,'1484074',268
15,15019,'1489344',269
15,15019,'1489345',270
15,15019,'1489346',271
15,15019,'1489347',272
15,15019,'1489348',273
15,15019,'1489349',274
15,15019,'1489350',275
15,15019,'1489351',276
15,15019,'1489352',277
15,15019,'1489353',278
15,15019,'1489354',279
15,15019,'1489355',280
15,15019,'1489356',281
15,15019,'1489357',282
15,15019,'1489358',283
15,15019,'1489359',284
15,15019,'1489360',285
15,15019,'1489361',286
16,16019,'1488147',287
16,16019,'1488148',288
16,16019,'1488149',289
16,16019,'1488162',290
16,16019,'1488163',291
16,16019,'1488164',292
16,16019,'1488165',293
16,16019,'1488166',294
16,16019,'1488167',295
16,16019,'1492416',296
16,16019,'1492417',297
16,16019,'1492418',298
16,16019,'1492419',299
16,16019,'1492420',300
16,16019,'1492421',301
16,16019,'1492471',302
16,16019,'1492472',303
16,16019,'1492473',304
16,16019,'1492474',305
16,16019,'1492475',306
16,16019,'1492476',307
19,19019,'1489098',308
19,19019,'1489099',309
19,19019,'1489100',310
19,19019,'1489101',311
19,19019,'1489102',312
19,19019,'1489103',313
19,19019,'1489104',314
19,19019,'1489105',315
19,19019,'1489106',316
19,19019,'1489107',317
19,19019,'1489108',318
19,19019,'1489109',319
19,19019,'1489110',320
19,19019,'1489111',321
19,19019,'1489112',322
19,19019,'1489113',323
19,19019,'1489114',324
19,19019,'1489115',325
19,19019,'1489116',326
19,19019,'1489117',327
19,19019,'1489118',328
19,19019,'1489119',329
19,19019,'1489120',330
19,19019,'1489121',331
19,19019,'1489122',332
19,19019,'1489123',333
19,19019,'1489124',334
19,19019,'1489125',335
19,19019,'1489126',336
19,19019,'1489127',337
19,19019,'1489128',338
19,19019,'1489129',339
19,19019,'1489130',340
19,19019,'1489131',341
19,19019,'1489132',342
19,19019,'1489362',343
19,19019,'1489363',344
19,19019,'1489364',345
19,19019,'1489365',346
19,19019,'1489366',347
19,19019,'1489367',348
19,19019,'1489368',349
19,19019,'1489369',350
19,19019,'1489370',351
19,19019,'1489371',352
19,19019,'1489372',353
19,19019,'1489373',354
19,19019,'1489374',355
19,19019,'1489375',356
19,19019,'1489376',357
19,19019,'1489377',358
19,19019,'1489378',359
19,19019,'1489379',360
19,19019,'1489380',361
19,19019,'1489381',362
19,19019,'1489382',363
19,19019,'1489383',364
19,19019,'1489384',365
19,19019,'1489385',366
19,19019,'1489386',367
19,19019,'1489387',368
19,19019,'1489388',369
19,19019,'1489389',370
19,19019,'1489390',371
19,19019,'1489391',372
19,19019,'1489392',373
19,19019,'1489393',374
19,19019,'1489394',375
19,19019,'1489395',376
19,19019,'1489396',377
20,20019,'1492422',378
20,20019,'1492423',379
20,20019,'1492424',380
20,20019,'1492425',381
20,20019,'1492426',382
20,20019,'1492427',383
20,20019,'1492428',384
20,20019,'1492429',385
20,20019,'1492430',386
20,20019,'1492431',387
20,20019,'1492432',388
20,20019,'1492433',389
20,20019,'1492434',390
20,20019,'1492435',391
20,20019,'1492436',392
20,20019,'1492437',393
20,20019,'1492438',394
20,20019,'1492439',395
20,20019,'1492440',396
20,20019,'1492441',397
20,20019,'1492442',398
20,20019,'1492443',399
20,20019,'1492444',400
20,20019,'1492445',401
20,20019,'1492446',402
20,20019,'1492447',403
20,20019,'1492448',404
20,20019,'1492449',405
20,20019,'1492450',406
20,20019,'1492451',407
20,20019,'1492452',408
20,20019,'1492453',409
20,20019,'1492454',410
20,20019,'1492455',411
66,66019,'1489865',412
66,66019,'1489866',413
66,66019,'1489867',414
66,66019,'1489868',415
66,66019,'1489869',416
66,66019,'1489870',417
66,66019,'1489871',418
66,66019,'1489872',419
66,66019,'1489873',420
66,66019,'1489874',421
66,66019,'1489875',422
66,66019,'1489876',423
66,66019,'1489877',424
66,66019,'1489878',425
66,66019,'1489879',426
66,66019,'1489880',427
66,66019,'1489881',428
66,66019,'1489882',429
66,66019,'1489883',430
901,901019,'1480871',454
901,901019,'1480872',455
901,901019,'1489082',456
901,901019,'1489083',457
901,901019,'1489084',458
901,901019,'1489085',459
901,901019,'1489086',460
901,901019,'1489087',461
901,901019,'1489088',462
901,901019,'1489089',463
901,901019,'1489090',464
901,901019,'1489091',465
901,901019,'1489092',466
901,901019,'1489247',467
901,901019,'1489248',468
901,901019,'1489249',469
901,901019,'1489884',470
901,901019,'1489885',471
901,901019,'1489886',472
901,901019,'1489887',473
901,901019,'1489888',474
901,901019,'1489889',475
901,901019,'1489890',476
901,901019,'1489891',477
901,901019,'1489892',478
901,901019,'1489893',479
901,901019,'1489894',480
901,901019,'1489895',481
901,901019,'1492528',482
901,901019,'1492529',483
901,901019,'1492530',484
901,901019,'1492531',485
901,901019,'1492532',486
901,901019,'1492533',487
901,901019,'1492534',488
901,901019,'1492535',489
901,901019,'1492536',490
901,901019,'1492537',491
901,901019,'1492538',492
901,901019,'1492539',493
901,901019,'1492540',494
901,901019,'1492541',495
901,901019,'1492542',496
902,902019,'1488205',497
902,902019,'1488206',498
902,902019,'1488207',499
902,902019,'1488257',500
902,902019,'1488258',501
902,902019,'1488259',502
902,902019,'1489896',503
902,902019,'1489897',504
902,902019,'1489898',505
902,902019,'1489899',506
902,902019,'1489900',507
902,902019,'1489901',508
902,902019,'1489902',509
902,902019,'1489903',510
902,902019,'1489904',511
902,902019,'1489905',512
902,902019,'1489906',513
902,902019,'1492543',514
902,902019,'1492544',515
902,902019,'1492545',516
902,902019,'1492546',517
902,902019,'1492547',518
902,902019,'1492548',519
902,902019,'1492549',520
902,902019,'1492550',521
902,902019,'1492551',522
902,902019,'1492552',523
902,902019,'1492553',524
902,902019,'1492554',525
902,902019,'1492555',526
902,902019,'1492556',527
903,903019,'1487148',431
903,903019,'1492477',432
903,903019,'1492478',433
903,903019,'1492479',434
903,903019,'1492480',435
903,903019,'1492481',436
903,903019,'1492482',437
903,903019,'1492483',438
903,903019,'1492484',439
903,903019,'1492485',440
903,903019,'1492486',441
903,903019,'1492487',442
903,903019,'1492557',443
903,903019,'1492558',444
903,903019,'1492559',445
903,903019,'1492560',446
903,903019,'1492561',447
903,903019,'1492562',448
903,903019,'1492563',449
903,903019,'1492564',450
903,903019,'1492565',451
903,903019,'1492566',452
903,903019,'1492567',453
30000,30000019,'1486494',528
30000,30000019,'1486495',529
30000,30000019,'1486496',530
30000,30000019,'1486497',531
30000,30000019,'1486498',532
30000,30000019,'1486499',533
30000,30000019,'1486500',534
30000,30000019,'1486501',535
