7019,'1489971',704,,113,27,0,7,0
7019,'1489972',744,,114,27,0,7,0
7019,'1489973',824,,115,27,0,7,0
7019,'1489974',904,,116,27,0,7,0
7019,'1489975',944,,117,27,0,7,0
7019,'1489976',1024,,118,27,0,7,0
7019,'1489983',1504,,119,27,0,7,0
7019,'1489984',1544,,120,27,0,7,0
7019,'1489985',1624,,121,27,0,7,0
7019,'1489986',1704,,122,27,0,7,0
7019,'1489987',1744,,123,27,0,7,0
7019,'1489988',1824,,124,27,0,7,0
7019,'1489995',824,,125,27,0,7,0
7019,'1489996',904,,126,27,0,7,0
7019,'1489997',944,,127,27,0,7,0
7019,'1489998',1024,,128,27,0,7,0
7019,'1489999',1104,,129,27,0,7,0
7019,'1490000',1144,,130,27,0,7,0
7019,'1490001',1224,,131,27,0,7,0
7019,'1490002',1304,,132,27,0,7,0
7019,'1490003',1344,,133,27,0,7,0
7019,'1490004',1424,,134,27,0,7,0
7019,'1490005',1504,,135,27,0,7,0
7019,'1490006',1544,,136,27,0,7,0
7019,'1490007',1624,,137,27,0,7,0
7019,'1490008',1704,,138,27,0,7,0
7019,'1490009',1744,,139,27,0,7,0
7019,'1490010',1824,,140,27,0,7,0
7019,'1492401',1304,,141,27,0,7,0
7019,'1492402',1344,,142,27,0,7,0
7019,'1492403',1424,,143,27,0,7,0
7019,'1492404',1704,,144,27,0,7,0
7019,'1492405',1744,,145,27,0,7,0
7019,'1492406',1824,,146,27,0,7,0
7019,'1492407',1304,,147,27,0,7,0
7019,'1492408',1344,,148,27,0,7,0
7019,'1492409',1424,,149,27,0,7,0
7019,'1492456',1104,,150,27,0,7,0
7019,'1492457',1144,,151,27,0,7,0
7019,'1492458',1224,,152,27,0,7,0
7019,'1492459',1504,,153,27,0,7,0
7019,'1492460',1544,,154,27,0,7,0
7019,'1492461',1624,,155,27,0,7,0
7019,'1492462',1104,,156,27,0,7,0
7019,'1492463',1144,,157,27,0,7,0
7019,'1492464',1224,,158,27,0,7,0
