20019,'1492422',637,,378,8,,,0
20019,'1492423',717,,379,8,,,0
20019,'1492424',757,,380,8,,,0
20019,'1492425',837,,381,8,,,0
20019,'1492426',917,,382,8,,,0
20019,'1492427',957,,383,8,,,0
20019,'1492428',1037,,384,8,,,0
20019,'1492429',1117,,385,8,,,0
20019,'1492430',1157,,386,8,,,0
20019,'1492431',1237,,387,8,,,0
20019,'1492432',1317,,388,8,,,0
20019,'1492433',1357,,389,8,,,0
20019,'1492434',1437,,390,8,,,0
20019,'1492435',1517,,391,8,,,0
20019,'1492436',1557,,392,8,,,0
20019,'1492437',1637,,393,8,,,0
20019,'1492438',1717,,394,8,,,0
20019,'1492439',1757,,395,8,,,0
20019,'1492440',757,,396,8,,,0
20019,'1492441',837,,397,8,,,0
20019,'1492442',917,,398,8,,,0
20019,'1492443',957,,399,8,,,0
20019,'1492444',1037,,400,8,,,0
20019,'1492445',1117,,401,8,,,0
20019,'1492446',1157,,402,8,,,0
20019,'1492447',1237,,403,8,,,0
20019,'1492448',1317,,404,8,,,0
20019,'1492449',1357,,405,8,,,0
20019,'1492450',1437,,406,8,,,0
20019,'1492451',1517,,407,8,,,0
20019,'1492452',1557,,408,8,,,0
20019,'1492453',1637,,409,8,,,0
20019,'1492454',1717,,410,8,,,0
20019,'1492455',1757,,411,8,,,0
