14019,'1489925',640,,209,14,,,0,63,,209,30,,,0
14019,'1489926',720,,210,14,,,0,23,,210,30,,,0
14019,'1489927',800,,211,14,,,0,23,,211,30,,,0
14019,'1489928',840,,212,14,,,0,63,,212,30,,,0
14019,'1489929',920,,213,14,,,0,23,,213,30,,,0
14019,'1489930',1000,,214,14,,,0,23,,214,30,,,0
14019,'1489931',1040,,215,14,,,0,63,,215,30,,,0
14019,'1489932',1120,,216,14,,,0,23,,216,30,,,0
14019,'1489933',1200,,217,14,,,0,23,,217,30,,,0
14019,'1489934',1240,,218,14,,,0,63,,218,30,,,0
14019,'1489935',1320,,219,14,,,0,23,,219,30,,,0
14019,'1489936',1400,,220,14,,,0,23,,220,30,,,0
14019,'1489937',1440,,221,14,,,0,63,,221,30,,,0
14019,'1489938',1520,,222,14,,,0,23,,222,30,,,0
14019,'1489939',1600,,223,14,,,0,23,,223,30,,,0
14019,'1489940',1640,,224,14,,,0,63,,224,30,,,0
14019,'1489941',1720,,225,14,,,0,23,,225,30,,,0
14019,'1489942',1800,,226,14,,,0,23,,226,30,,,0
14019,'1489943',1840,,227,14,,,0,63,,227,30,,,0
14019,'1489944',1920,,228,14,,,0,23,,228,30,,,0
14019,'1489945',2000,,229,14,,,0,23,,229,30,,,0
14019,'1489946',2040,,230,14,,,0,63,,230,30,,,0
14019,'1489947',2120,,231,14,,,0,23,,231,30,,,0
14019,'1489948',2200,,232,14,,,0,23,,232,30,,,0
14019,'1489949',800,,233,14,,,0,23,,233,30,,,0
14019,'1489950',840,,234,14,,,0,63,,234,30,,,0
14019,'1489951',920,,235,14,,,0,23,,235,30,,,0
14019,'1489952',1000,,236,14,,,0,23,,236,30,,,0
14019,'1489953',1040,,237,14,,,0,63,,237,30,,,0
14019,'1489954',1120,,238,14,,,0,23,,238,30,,,0
14019,'1489955',1200,,239,14,,,0,23,,239,30,,,0
14019,'1489956',1240,,240,14,,,0,63,,240,30,,,0
14019,'1489957',1320,,241,14,,,0,23,,241,30,,,0
14019,'1489958',1400,,242,14,,,0,23,,242,30,,,0
14019,'1489959',1440,,243,14,,,0,63,,243,30,,,0
14019,'1489960',1520,,244,14,,,0,23,,244,30,,,0
14019,'1489961',1600,,245,14,,,0,23,,245,30,,,0
14019,'1489962',1640,,246,14,,,0,63,,246,30,,,0
14019,'1489963',1720,,247,14,,,0,23,,247,30,,,0
14019,'1489964',1800,,248,14,,,0,23,,248,30,,,0
14019,'1489965',1840,,249,14,,,0,63,,249,30,,,0
14019,'1489966',1920,,250,14,,,0,23,,250,30,,,0
14019,'1489967',2000,,251,14,,,0,23,,251,30,,,0
14019,'1489968',2040,,252,14,,,0,63,,252,30,,,0
14019,'1489969',2120,,253,14,,,0,23,,253,30,,,0
14019,'1489970',2200,,254,14,,,0,23,,254,30,,,0
