1019,'1482680',811,,3,20,0,11,0
1019,'1482681',851,,4,20,0,11,0
1019,'1482682',931,,5,20,0,11,0
1019,'1482683',1011,,6,20,0,11,0
1019,'1482684',1051,,7,20,0,11,0
1019,'1482685',1131,,8,20,0,11,0
1019,'1482686',1211,,9,20,0,11,0
1019,'1482687',1251,,10,20,0,11,0
1019,'1482688',1331,,11,20,0,11,0
1019,'1482689',1411,,12,20,0,11,0
1019,'1482690',1451,,13,20,0,11,0
1019,'1482691',1531,,14,20,0,11,0
1019,'1482692',1611,,15,20,0,11,0
1019,'1482693',1651,,16,20,0,11,0
1019,'1482694',1731,,17,20,0,11,0
1019,'1482695',1811,,18,20,0,11,0
1019,'1482696',1851,,19,20,0,11,0
1019,'1482697',1931,,20,20,0,11,0
1019,'1482698',2011,,21,20,0,11,0
1019,'1482699',2051,,22,20,0,11,0
1019,'1482700',2131,,23,20,0,11,0
1019,'1482701',2211,,24,20,0,11,0
1019,'1485865',651,,26,23,0,11,0
1019,'1485866',731,,27,23,0,11,0
1019,'1485867',811,,28,23,0,11,0
1019,'1485868',851,,29,23,0,11,0
1019,'1485869',931,,30,23,0,11,0
1019,'1485870',1011,,31,23,0,11,0
1019,'1485871',1051,,32,23,0,11,0
1019,'1485872',1131,,33,23,0,11,0
1019,'1485873',1211,,34,23,0,11,0
1019,'1485874',1251,,35,23,0,11,0
1019,'1485875',1331,,36,23,0,11,0
1019,'1485876',1411,,37,23,0,11,0
1019,'1485877',1451,,38,23,0,11,0
1019,'1485878',1531,,39,23,0,11,0
1019,'1485879',1611,,40,23,0,11,0
1019,'1485880',1651,,41,23,0,11,0
1019,'1485881',1731,,42,23,0,11,0
1019,'1485882',1811,,43,23,0,11,0
2019,'1486350',632,,45,4,,,0
2019,'1486351',712,,46,4,,,0
2019,'1486352',752,,47,4,,,0
2019,'1486353',832,,48,4,,,0
2019,'1486354',912,,49,4,,,0
2019,'1486355',952,,50,4,,,0
2019,'1486356',1032,,51,4,,,0
2019,'1486357',1112,,52,4,,,0
2019,'1486358',1152,,53,4,,,0
2019,'1486359',1232,,54,4,,,0
2019,'1486360',1312,,55,4,,,0
2019,'1486361',1352,,56,4,,,0
2019,'1486362',1432,,57,4,,,0
2019,'1486363',1512,,58,4,,,0
2019,'1486364',1552,,59,4,,,0
2019,'1486365',1632,,60,4,,,0
2019,'1486366',1712,,61,4,,,0
2019,'1486958',1752,,62,4,,,0
