7019,'1489971',654,,113,18,0,7,0
7019,'1489972',734,,114,18,0,7,0
7019,'1489973',814,,115,18,0,7,0
7019,'1489974',854,,116,18,0,7,0
7019,'1489975',934,,117,18,0,7,0
7019,'1489976',1014,,118,18,0,7,0
7019,'1489983',1454,,119,18,0,7,0
7019,'1489984',1534,,120,18,0,7,0
7019,'1489985',1614,,121,18,0,7,0
7019,'1489986',1654,,122,18,0,7,0
7019,'1489987',1734,,123,18,0,7,0
7019,'1489988',1814,,124,18,0,7,0
7019,'1489995',814,,125,18,0,7,0
7019,'1489996',854,,126,18,0,7,0
7019,'1489997',934,,127,18,0,7,0
7019,'1489998',1014,,128,18,0,7,0
7019,'1489999',1054,,129,18,0,7,0
7019,'1490000',1134,,130,18,0,7,0
7019,'1490001',1214,,131,18,0,7,0
7019,'1490002',1254,,132,18,0,7,0
7019,'1490003',1334,,133,18,0,7,0
7019,'1490004',1414,,134,18,0,7,0
7019,'1490005',1454,,135,18,0,7,0
7019,'1490006',1534,,136,18,0,7,0
7019,'1490007',1614,,137,18,0,7,0
7019,'1490008',1654,,138,18,0,7,0
7019,'1490009',1734,,139,18,0,7,0
7019,'1490010',1814,,140,18,0,7,0
7019,'1492401',1254,,141,18,0,7,0
7019,'1492402',1334,,142,18,0,7,0
7019,'1492403',1414,,143,18,0,7,0
7019,'1492404',1654,,144,18,0,7,0
7019,'1492405',1734,,145,18,0,7,0
7019,'1492406',1814,,146,18,0,7,0
7019,'1492407',1254,,147,18,0,7,0
7019,'1492408',1334,,148,18,0,7,0
7019,'1492409',1414,,149,18,0,7,0
7019,'1492456',1054,,150,18,0,7,0
7019,'1492457',1134,,151,18,0,7,0
7019,'1492458',1214,,152,18,0,7,0
7019,'1492459',1454,,153,18,0,7,0
7019,'1492460',1534,,154,18,0,7,0
7019,'1492461',1614,,155,18,0,7,0
7019,'1492462',1054,,156,18,0,7,0
7019,'1492463',1134,,157,18,0,7,0
7019,'1492464',1214,,158,18,0,7,0
