66019,'1489865',825,,412,18,,,0
66019,'1489866',855,,413,18,,,0
66019,'1489867',925,,414,18,,,0
66019,'1489868',955,,415,18,,,0
66019,'1489869',1025,,416,18,,,0
66019,'1489870',1055,,417,18,,,0
66019,'1489871',1125,,418,18,,,0
66019,'1489872',1155,,419,18,,,0
66019,'1489873',1225,,420,18,,,0
66019,'1489874',1255,,421,18,,,0
66019,'1489875',1325,,422,18,,,0
66019,'1489876',1355,,423,18,,,0
66019,'1489877',1425,,424,18,,,0
66019,'1489878',1455,,425,18,,,0
66019,'1489879',1525,,426,18,,,0
66019,'1489880',1555,,427,18,,,0
66019,'1489881',1625,,428,18,,,0
66019,'1489882',1655,,429,18,,,0
66019,'1489883',1725,,430,18,,,0
