12019,'1490514',718,,172,11,0,12 13,0
12019,'1490515',818,,173,11,0,12 13,0
12019,'1490516',918,,174,11,0,12 13,0
12019,'1490517',1018,,175,11,0,12 13,0
12019,'1490533',1518,,176,11,0,12 13,0
12019,'1490534',1618,,177,11,0,12 13,0
12019,'1490535',1718,,178,11,0,12 13,0
12019,'1490536',1818,,179,11,0,12 13,0
12019,'1492410',1118,,180,11,0,12 13,0
12019,'1492411',1218,,181,11,0,12 13,0
12019,'1492465',1318,,182,11,0,12 13,0
12019,'1492466',1418,,183,11,0,12 13,0
12019,'1492505',718,,184,11,0,12 13,0
12019,'1492506',818,,185,11,0,12 13,0
12019,'1492507',1118,,186,11,0,12 13,0
12019,'1492508',1218,,187,11,0,12 13,0
12019,'1492509',1518,,188,11,0,12 13,0
12019,'1492510',1618,,189,11,0,12 13,0
12019,'1492511',818,,190,11,0,12 13,0
12019,'1492512',1118,,191,11,0,12 13,0
12019,'1492513',1218,,192,11,0,12 13,0
12019,'1492514',1518,,193,11,0,12 13,0
12019,'1492515',1618,,194,11,0,12 13,0
12019,'1492516',918,,195,11,0,12 13,0
12019,'1492517',1018,,196,11,0,12 13,0
12019,'1492518',1318,,197,11,0,12 13,0
12019,'1492519',1418,,198,11,0,12 13,0
12019,'1492520',1718,,199,11,0,12 13,0
12019,'1492521',1818,,200,11,0,12 13,0
12019,'1492522',918,,201,11,0,12 13,0
12019,'1492523',1018,,202,11,0,12 13,0
12019,'1492524',1318,,203,11,0,12 13,0
12019,'1492525',1418,,204,11,0,12 13,0
12019,'1492526',1718,,205,11,0,12 13,0
12019,'1492527',1818,,206,11,0,12 13,0
