12019,'1492505',722,,184,15,0,12 13,0
12019,'1492506',822,,185,15,0,12 13,0
12019,'1492507',1122,,186,15,0,12 13,0
12019,'1492508',1222,,187,15,0,12 13,0
12019,'1492509',1522,,188,15,0,12 13,0
12019,'1492510',1622,,189,15,0,12 13,0
12019,'1492511',822,,190,15,0,12 13,0
12019,'1492512',1122,,191,15,0,12 13,0
12019,'1492513',1222,,192,15,0,12 13,0
12019,'1492514',1522,,193,15,0,12 13,0
12019,'1492515',1622,,194,15,0,12 13,0
12019,'1492516',922,,195,15,0,12 13,0
12019,'1492517',1022,,196,15,0,12 13,0
12019,'1492518',1322,,197,15,0,12 13,0
12019,'1492519',1422,,198,15,0,12 13,0
12019,'1492520',1722,,199,15,0,12 13,0
12019,'1492521',1822,,200,15,0,12 13,0
12019,'1492522',922,,201,15,0,12 13,0
12019,'1492523',1022,,202,15,0,12 13,0
12019,'1492524',1322,,203,15,0,12 13,0
12019,'1492525',1422,,204,15,0,12 13,0
12019,'1492526',1722,,205,15,0,12 13,0
12019,'1492527',1822,,206,15,0,12 13,0
