7019,'1489971',640,,113,2,0,7,0
7019,'1489972',720,,114,2,0,7,0
7019,'1489973',800,,115,2,0,7,0
7019,'1489974',840,,116,2,0,7,0
7019,'1489975',920,,117,2,0,7,0
7019,'1489976',1000,,118,2,0,7,0
7019,'1489983',1440,,119,2,0,7,0
7019,'1489984',1520,,120,2,0,7,0
7019,'1489985',1600,,121,2,0,7,0
7019,'1489986',1640,,122,2,0,7,0
7019,'1489987',1720,,123,2,0,7,0
7019,'1489988',1800,,124,2,0,7,0
7019,'1489995',800,,125,2,0,7,0
7019,'1489996',840,,126,2,0,7,0
7019,'1489997',920,,127,2,0,7,0
7019,'1489998',1000,,128,2,0,7,0
7019,'1489999',1040,,129,2,0,7,0
7019,'1490000',1120,,130,2,0,7,0
7019,'1490001',1200,,131,2,0,7,0
7019,'1490002',1240,,132,2,0,7,0
7019,'1490003',1320,,133,2,0,7,0
7019,'1490004',1400,,134,2,0,7,0
7019,'1490005',1440,,135,2,0,7,0
7019,'1490006',1520,,136,2,0,7,0
7019,'1490007',1600,,137,2,0,7,0
7019,'1490008',1640,,138,2,0,7,0
7019,'1490009',1720,,139,2,0,7,0
7019,'1490010',1800,,140,2,0,7,0
7019,'1492401',1240,,141,2,0,7,0
7019,'1492402',1320,,142,2,0,7,0
7019,'1492403',1400,,143,2,0,7,0
7019,'1492404',1640,,144,2,0,7,0
7019,'1492405',1720,,145,2,0,7,0
7019,'1492406',1800,,146,2,0,7,0
7019,'1492407',1240,,147,2,0,7,0
7019,'1492408',1320,,148,2,0,7,0
7019,'1492409',1400,,149,2,0,7,0
7019,'1492456',1040,,150,2,0,7,0
7019,'1492457',1120,,151,2,0,7,0
7019,'1492458',1200,,152,2,0,7,0
7019,'1492459',1440,,153,2,0,7,0
7019,'1492460',1520,,154,2,0,7,0
7019,'1492461',1600,,155,2,0,7,0
7019,'1492462',1040,,156,2,0,7,0
7019,'1492463',1120,,157,2,0,7,0
7019,'1492464',1200,,158,2,0,7,0
