12019,'1492505',717,,184,10,0,12 13,0
12019,'1492506',817,,185,10,0,12 13,0
12019,'1492507',1117,,186,10,0,12 13,0
12019,'1492508',1217,,187,10,0,12 13,0
12019,'1492509',1517,,188,10,0,12 13,0
12019,'1492510',1617,,189,10,0,12 13,0
12019,'1492511',817,,190,10,0,12 13,0
12019,'1492512',1117,,191,10,0,12 13,0
12019,'1492513',1217,,192,10,0,12 13,0
12019,'1492514',1517,,193,10,0,12 13,0
12019,'1492515',1617,,194,10,0,12 13,0
12019,'1492516',917,,195,10,0,12 13,0
12019,'1492517',1017,,196,10,0,12 13,0
12019,'1492518',1317,,197,10,0,12 13,0
12019,'1492519',1417,,198,10,0,12 13,0
12019,'1492520',1717,,199,10,0,12 13,0
12019,'1492521',1817,,200,10,0,12 13,0
12019,'1492522',917,,201,10,0,12 13,0
12019,'1492523',1017,,202,10,0,12 13,0
12019,'1492524',1317,,203,10,0,12 13,0
12019,'1492525',1417,,204,10,0,12 13,0
12019,'1492526',1717,,205,10,0,12 13,0
12019,'1492527',1817,,206,10,0,12 13,0
