7019,'1489971',641,,113,5,0,7,0
7019,'1489972',721,,114,5,0,7,0
7019,'1489973',801,,115,5,0,7,0
7019,'1489974',841,,116,5,0,7,0
7019,'1489975',921,,117,5,0,7,0
7019,'1489976',1001,,118,5,0,7,0
7019,'1489983',1441,,119,5,0,7,0
7019,'1489984',1521,,120,5,0,7,0
7019,'1489985',1601,,121,5,0,7,0
7019,'1489986',1641,,122,5,0,7,0
7019,'1489987',1721,,123,5,0,7,0
7019,'1489988',1801,,124,5,0,7,0
7019,'1489995',801,,125,5,0,7,0
7019,'1489996',841,,126,5,0,7,0
7019,'1489997',921,,127,5,0,7,0
7019,'1489998',1001,,128,5,0,7,0
7019,'1489999',1041,,129,5,0,7,0
7019,'1490000',1121,,130,5,0,7,0
7019,'1490001',1201,,131,5,0,7,0
7019,'1490002',1241,,132,5,0,7,0
7019,'1490003',1321,,133,5,0,7,0
7019,'1490004',1401,,134,5,0,7,0
7019,'1490005',1441,,135,5,0,7,0
7019,'1490006',1521,,136,5,0,7,0
7019,'1490007',1601,,137,5,0,7,0
7019,'1490008',1641,,138,5,0,7,0
7019,'1490009',1721,,139,5,0,7,0
7019,'1490010',1801,,140,5,0,7,0
7019,'1492401',1241,,141,5,0,7,0
7019,'1492402',1321,,142,5,0,7,0
7019,'1492403',1401,,143,5,0,7,0
7019,'1492404',1641,,144,5,0,7,0
7019,'1492405',1721,,145,5,0,7,0
7019,'1492406',1801,,146,5,0,7,0
7019,'1492407',1241,,147,5,0,7,0
7019,'1492408',1321,,148,5,0,7,0
7019,'1492409',1401,,149,5,0,7,0
7019,'1492456',1041,,150,5,0,7,0
7019,'1492457',1121,,151,5,0,7,0
7019,'1492458',1201,,152,5,0,7,0
7019,'1492459',1441,,153,5,0,7,0
7019,'1492460',1521,,154,5,0,7,0
7019,'1492461',1601,,155,5,0,7,0
7019,'1492462',1041,,156,5,0,7,0
7019,'1492463',1121,,157,5,0,7,0
7019,'1492464',1201,,158,5,0,7,0
