15019,'1484063',651,,257,26,,,0
15019,'1484064',751,,258,26,,,0
15019,'1484065',851,,259,26,,,0
15019,'1484066',951,,260,26,,,0
15019,'1484067',1051,,261,26,,,0
15019,'1484068',1151,,262,26,,,0
15019,'1484069',1251,,263,26,,,0
15019,'1484070',1351,,264,26,,,0
15019,'1484071',1451,,265,26,,,0
15019,'1484072',1551,,266,26,,,0
15019,'1484073',1651,,267,26,,,0
15019,'1484074',1751,,268,26,,,0
15019,'1489344',1851,,269,26,,,0
15019,'1489345',1951,,270,26,,,0
15019,'1489346',2051,,271,26,,,0
15019,'1489347',2151,,272,26,,,0
15019,'1489348',851,,273,26,,,0
15019,'1489349',951,,274,26,,,0
15019,'1489350',1051,,275,26,,,0
15019,'1489351',1151,,276,26,,,0
15019,'1489352',1251,,277,26,,,0
15019,'1489353',1351,,278,26,,,0
15019,'1489354',1451,,279,26,,,0
15019,'1489355',1551,,280,26,,,0
15019,'1489356',1651,,281,26,,,0
15019,'1489357',1751,,282,26,,,0
15019,'1489358',1851,,283,26,,,0
15019,'1489359',1951,,284,26,,,0
15019,'1489360',2051,,285,26,,,0
15019,'1489361',2151,,286,26,,,0
