1019,'1485865',642,,26,12,0,11,0
1019,'1485866',722,,27,12,0,11,0
1019,'1485867',802,,28,12,0,11,0
1019,'1485868',842,,29,12,0,11,0
1019,'1485869',922,,30,12,0,11,0
1019,'1485870',1002,,31,12,0,11,0
1019,'1485871',1042,,32,12,0,11,0
1019,'1485872',1122,,33,12,0,11,0
1019,'1485873',1202,,34,12,0,11,0
1019,'1485874',1242,,35,12,0,11,0
1019,'1485875',1322,,36,12,0,11,0
1019,'1485876',1402,,37,12,0,11,0
1019,'1485877',1442,,38,12,0,11,0
1019,'1485878',1522,,39,12,0,11,0
1019,'1485879',1602,,40,12,0,11,0
1019,'1485880',1642,,41,12,0,11,0
1019,'1485881',1722,,42,12,0,11,0
1019,'1485882',1802,,43,12,0,11,0
10019,'1483448',641,,161,7,0,5,0
10019,'1483449',1521,,162,7,0,5,0
