12019,'1492505',711,,184,3,0,12 13,0
12019,'1492506',811,,185,3,0,12 13,0
12019,'1492507',1111,,186,3,0,12 13,0
12019,'1492508',1211,,187,3,0,12 13,0
12019,'1492509',1511,,188,3,0,12 13,0
12019,'1492510',1611,,189,3,0,12 13,0
12019,'1492511',811,,190,3,0,12 13,0
12019,'1492512',1111,,191,3,0,12 13,0
12019,'1492513',1211,,192,3,0,12 13,0
12019,'1492514',1511,,193,3,0,12 13,0
12019,'1492515',1611,,194,3,0,12 13,0
12019,'1492516',911,,195,3,0,12 13,0
12019,'1492517',1011,,196,3,0,12 13,0
12019,'1492518',1311,,197,3,0,12 13,0
12019,'1492519',1411,,198,3,0,12 13,0
12019,'1492520',1711,,199,3,0,12 13,0
12019,'1492521',1811,,200,3,0,12 13,0
12019,'1492522',911,,201,3,0,12 13,0
12019,'1492523',1011,,202,3,0,12 13,0
12019,'1492524',1311,,203,3,0,12 13,0
12019,'1492525',1411,,204,3,0,12 13,0
12019,'1492526',1711,,205,3,0,12 13,0
12019,'1492527',1811,,206,3,0,12 13,0
901019,'1489082',802,,456,12,,,0
901019,'1489083',922,,457,12,,,0
901019,'1489084',1042,,458,12,,,0
901019,'1489085',1202,,459,12,,,0
901019,'1489086',1322,,460,12,,,0
901019,'1489087',1442,,461,12,,,0
901019,'1489088',1602,,462,12,,,0
901019,'1489089',1722,,463,12,,,0
901019,'1489090',1842,,464,12,,,0
901019,'1489091',2002,,465,12,,,0
901019,'1489092',2122,,466,12,,,0
901019,'1492528',642,,482,12,,,0
901019,'1492529',742,,483,12,,,0
901019,'1492530',842,,484,12,,,0
901019,'1492531',942,,485,12,,,0
901019,'1492532',1042,,486,12,,,0
901019,'1492533',1142,,487,12,,,0
901019,'1492534',1242,,488,12,,,0
901019,'1492535',1342,,489,12,,,0
901019,'1492536',1442,,490,12,,,0
901019,'1492537',1542,,491,12,,,0
901019,'1492538',1642,,492,12,,,0
901019,'1492539',1742,,493,12,,,0
901019,'1492540',1842,,494,12,,,0
901019,'1492541',2002,,495,12,,,0
901019,'1492542',2122,,496,12,,,0
902019,'1488257',1802,,500,12,,,0
902019,'1489896',702,,503,12,,,0
902019,'1489897',802,,504,12,,,0
902019,'1489898',902,,505,12,,,0
902019,'1489899',1002,,506,12,,,0
902019,'1489900',1102,,507,12,,,0
902019,'1489901',1202,,508,12,,,0
902019,'1489902',1302,,509,12,,,0
902019,'1489903',1402,,510,12,,,0
902019,'1489904',1502,,511,12,,,0
902019,'1489905',1602,,512,12,,,0
902019,'1489906',1702,,513,12,,,0
902019,'1492543',1922,,514,38,,,0
902019,'1492544',2042,,515,38,,,0
902019,'1492545',2202,,516,38,,,0
902019,'1492546',842,,517,38,,,0
902019,'1492547',1002,,518,38,,,0
902019,'1492548',1122,,519,38,,,0
902019,'1492549',1242,,520,38,,,0
902019,'1492550',1402,,521,38,,,0
902019,'1492551',1522,,522,38,,,0
902019,'1492552',1642,,523,38,,,0
902019,'1492553',1802,,524,38,,,0
902019,'1492554',1922,,525,38,,,0
902019,'1492555',2042,,526,38,,,0
902019,'1492556',2202,,527,38,,,0
903019,'1492557',722,,443,12,0,5,0
903019,'1492558',822,,444,12,0,5,0
903019,'1492559',922,,445,12,0,5,0
903019,'1492560',1022,,446,12,0,5,0
903019,'1492561',1122,,447,12,0,5,0
903019,'1492562',1222,,448,12,0,5,0
903019,'1492563',1322,,449,12,0,5,0
903019,'1492564',1422,,450,12,0,5,0
903019,'1492565',1522,,451,12,0,5,0
903019,'1492566',1622,,452,12,0,5,0
903019,'1492567',1722,,453,12,0,5,0
