15019,'1484063',640,,257,12,,,0
15019,'1484064',740,,258,12,,,0
15019,'1484065',840,,259,12,,,0
15019,'1484066',940,,260,12,,,0
15019,'1484067',1040,,261,12,,,0
15019,'1484068',1140,,262,12,,,0
15019,'1484069',1240,,263,12,,,0
15019,'1484070',1340,,264,12,,,0
15019,'1484071',1440,,265,12,,,0
15019,'1484072',1540,,266,12,,,0
15019,'1484073',1640,,267,12,,,0
15019,'1484074',1740,,268,12,,,0
15019,'1489344',1840,,269,12,,,0
15019,'1489345',1940,,270,12,,,0
15019,'1489346',2040,,271,12,,,0
15019,'1489347',2140,,272,12,,,0
15019,'1489348',840,,273,12,,,0
15019,'1489349',940,,274,12,,,0
15019,'1489350',1040,,275,12,,,0
15019,'1489351',1140,,276,12,,,0
15019,'1489352',1240,,277,12,,,0
15019,'1489353',1340,,278,12,,,0
15019,'1489354',1440,,279,12,,,0
15019,'1489355',1540,,280,12,,,0
15019,'1489356',1640,,281,12,,,0
15019,'1489357',1740,,282,12,,,0
15019,'1489358',1840,,283,12,,,0
15019,'1489359',1940,,284,12,,,0
15019,'1489360',2040,,285,12,,,0
15019,'1489361',2140,,286,12,,,0
