901019,'1489082',814,,456,21,0,6,0
901019,'1489083',934,,457,21,0,6,0
901019,'1489084',1054,,458,21,0,6,0
901019,'1489085',1214,,459,21,0,6,0
901019,'1489086',1334,,460,21,0,6,0
901019,'1489087',1454,,461,21,0,6,0
901019,'1489088',1614,,462,21,0,6,0
901019,'1489089',1734,,463,21,0,6,0
901019,'1489090',1854,,464,21,0,6,0
901019,'1489091',2014,,465,21,0,6,0
901019,'1489092',2134,,466,21,0,6,0
901019,'1492528',654,,482,21,0,6,0
901019,'1492529',754,,483,21,0,6,0
901019,'1492530',854,,484,21,0,6,0
901019,'1492531',954,,485,21,0,6,0
901019,'1492532',1054,,486,21,0,6,0
901019,'1492533',1154,,487,21,0,6,0
901019,'1492534',1254,,488,21,0,6,0
901019,'1492535',1354,,489,21,0,6,0
901019,'1492536',1454,,490,21,0,6,0
901019,'1492537',1554,,491,21,0,6,0
901019,'1492538',1654,,492,21,0,6,0
901019,'1492539',1754,,493,21,0,6,0
901019,'1492540',1854,,494,21,0,6,0
901019,'1492541',2014,,495,21,0,6,0
901019,'1492542',2134,,496,21,0,6,0
902019,'1488257',1814,,500,21,0,6,0
902019,'1489896',714,,503,21,0,6,0
902019,'1489897',814,,504,21,0,6,0
902019,'1489898',914,,505,21,0,6,0
902019,'1489899',1014,,506,21,0,6,0
902019,'1489900',1114,,507,21,0,6,0
902019,'1489901',1214,,508,21,0,6,0
902019,'1489902',1314,,509,21,0,6,0
902019,'1489903',1414,,510,21,0,6,0
902019,'1489904',1514,,511,21,0,6,0
902019,'1489905',1614,,512,21,0,6,0
902019,'1489906',1714,,513,21,0,6,0
902019,'1492543',1934,,514,47,0,6,0
902019,'1492544',2054,,515,47,0,6,0
902019,'1492545',2214,,516,47,0,6,0
902019,'1492546',854,,517,47,0,6,0
902019,'1492547',1014,,518,47,0,6,0
902019,'1492548',1134,,519,47,0,6,0
902019,'1492549',1254,,520,47,0,6,0
902019,'1492550',1414,,521,47,0,6,0
902019,'1492551',1534,,522,47,0,6,0
902019,'1492552',1654,,523,47,0,6,0
902019,'1492553',1814,,524,47,0,6,0
902019,'1492554',1934,,525,47,0,6,0
902019,'1492555',2054,,526,47,0,6,0
902019,'1492556',2214,,527,47,0,6,0
903019,'1492557',734,,443,21,,,0
903019,'1492558',834,,444,21,,,0
903019,'1492559',934,,445,21,,,0
903019,'1492560',1034,,446,21,,,0
903019,'1492561',1134,,447,21,,,0
903019,'1492562',1234,,448,21,,,0
903019,'1492563',1334,,449,21,,,0
903019,'1492564',1434,,450,21,,,0
903019,'1492565',1534,,451,21,,,0
903019,'1492566',1634,,452,21,,,0
903019,'1492567',1734,,453,21,,,0
