1019,'1485865',639,,26,7,0,11,0
1019,'1485866',719,,27,7,0,11,0
1019,'1485867',759,,28,7,0,11,0
1019,'1485868',839,,29,7,0,11,0
1019,'1485869',919,,30,7,0,11,0
1019,'1485870',959,,31,7,0,11,0
1019,'1485871',1039,,32,7,0,11,0
1019,'1485872',1119,,33,7,0,11,0
1019,'1485873',1159,,34,7,0,11,0
1019,'1485874',1239,,35,7,0,11,0
1019,'1485875',1319,,36,7,0,11,0
1019,'1485876',1359,,37,7,0,11,0
1019,'1485877',1439,,38,7,0,11,0
1019,'1485878',1519,,39,7,0,11,0
1019,'1485879',1559,,40,7,0,11,0
1019,'1485880',1639,,41,7,0,11,0
1019,'1485881',1719,,42,7,0,11,0
1019,'1485882',1759,,43,7,0,11,0
7019,'1482898',627,,111,2,0,8,0
7019,'1482899',747,,112,2,0,8,0
10019,'1480547',637,,159,2,,,0
10019,'1480551',1517,,160,2,,,0
10019,'1483448',637,,161,2,,,0
10019,'1483449',1517,,162,2,,,0
12019,'1482623',657,,170,2,0,8,0
12019,'1482624',757,,171,2,0,8,0
16019,'1488147',755,,287,13,0,9 10,0
16019,'1488148',855,,288,13,0,9 10,0
16019,'1488149',955,,289,13,0,9 10,0
16019,'1488162',1255,,290,13,0,9 10,0
16019,'1488163',1355,,291,13,0,9 10,0
16019,'1488164',1455,,292,13,0,9 10,0
16019,'1488165',1555,,293,13,0,9 10,0
16019,'1488166',1655,,294,13,0,9 10,0
16019,'1488167',1755,,295,13,0,9 10,0
16019,'1492416',1055,,296,13,0,9 10,0
16019,'1492417',1155,,297,13,0,9 10,0
16019,'1492418',1055,,298,13,0,9 10,0
16019,'1492419',1155,,299,13,0,9 10,0
16019,'1492420',1455,,300,13,0,9 10,0
16019,'1492421',1555,,301,13,0,9 10,0
16019,'1492471',855,,302,13,0,9 10,0
16019,'1492472',955,,303,13,0,9 10,0
16019,'1492473',1655,,304,13,0,9 10,0
16019,'1492474',1755,,305,13,0,9 10,0
16019,'1492475',1255,,306,13,0,9 10,0
16019,'1492476',1355,,307,13,0,9 10,0
