12019,'1490514',712,,172,4,0,12 13,0
12019,'1490515',812,,173,4,0,12 13,0
12019,'1490516',912,,174,4,0,12 13,0
12019,'1490517',1012,,175,4,0,12 13,0
12019,'1490533',1512,,176,4,0,12 13,0
12019,'1490534',1612,,177,4,0,12 13,0
12019,'1490535',1712,,178,4,0,12 13,0
12019,'1490536',1812,,179,4,0,12 13,0
12019,'1492410',1112,,180,4,0,12 13,0
12019,'1492411',1212,,181,4,0,12 13,0
12019,'1492465',1312,,182,4,0,12 13,0
12019,'1492466',1412,,183,4,0,12 13,0
12019,'1492505',712,,184,4,0,12 13,0
12019,'1492506',812,,185,4,0,12 13,0
12019,'1492507',1112,,186,4,0,12 13,0
12019,'1492508',1212,,187,4,0,12 13,0
12019,'1492509',1512,,188,4,0,12 13,0
12019,'1492510',1612,,189,4,0,12 13,0
12019,'1492511',812,,190,4,0,12 13,0
12019,'1492512',1112,,191,4,0,12 13,0
12019,'1492513',1212,,192,4,0,12 13,0
12019,'1492514',1512,,193,4,0,12 13,0
12019,'1492515',1612,,194,4,0,12 13,0
12019,'1492516',912,,195,4,0,12 13,0
12019,'1492517',1012,,196,4,0,12 13,0
12019,'1492518',1312,,197,4,0,12 13,0
12019,'1492519',1412,,198,4,0,12 13,0
12019,'1492520',1712,,199,4,0,12 13,0
12019,'1492521',1812,,200,4,0,12 13,0
12019,'1492522',912,,201,4,0,12 13,0
12019,'1492523',1012,,202,4,0,12 13,0
12019,'1492524',1312,,203,4,0,12 13,0
12019,'1492525',1412,,204,4,0,12 13,0
12019,'1492526',1712,,205,4,0,12 13,0
12019,'1492527',1812,,206,4,0,12 13,0
93019,'1492477',723,,432,13,0,5,0
93019,'1492478',823,,433,13,0,5,0
93019,'1492479',923,,434,13,0,5,0
93019,'1492480',1023,,435,13,0,5,0
93019,'1492481',1123,,436,13,0,5,0
93019,'1492482',1223,,437,13,0,5,0
93019,'1492483',1323,,438,13,0,5,0
93019,'1492484',1423,,439,13,0,5,0
93019,'1492485',1523,,440,13,0,5,0
93019,'1492486',1623,,441,13,0,5,0
93019,'1492487',1723,,442,13,0,5,0
93019,'1492557',723,,443,13,0,5,0
93019,'1492558',823,,444,13,0,5,0
93019,'1492559',923,,445,13,0,5,0
93019,'1492560',1023,,446,13,0,5,0
93019,'1492561',1123,,447,13,0,5,0
93019,'1492562',1223,,448,13,0,5,0
93019,'1492563',1323,,449,13,0,5,0
93019,'1492564',1423,,450,13,0,5,0
93019,'1492565',1523,,451,13,0,5,0
93019,'1492566',1623,,452,13,0,5,0
93019,'1492567',1723,,453,13,0,5,0
901019,'1489082',803,,456,13,,,0
901019,'1489083',923,,457,13,,,0
901019,'1489084',1043,,458,13,,,0
901019,'1489085',1203,,459,13,,,0
901019,'1489086',1323,,460,13,,,0
901019,'1489087',1443,,461,13,,,0
901019,'1489088',1603,,462,13,,,0
901019,'1489089',1723,,463,13,,,0
901019,'1489090',1843,,464,13,,,0
901019,'1489091',2003,,465,13,,,0
901019,'1489092',2123,,466,13,,,0
901019,'1489247',1843,,467,13,,,0
901019,'1489248',2003,,468,13,,,0
901019,'1489249',2123,,469,13,,,0
901019,'1489884',643,,470,13,,,0
901019,'1489885',743,,471,13,,,0
901019,'1489886',843,,472,13,,,0
901019,'1489887',943,,473,13,,,0
901019,'1489888',1043,,474,13,,,0
901019,'1489889',1143,,475,13,,,0
901019,'1489890',1243,,476,13,,,0
901019,'1489891',1343,,477,13,,,0
901019,'1489892',1443,,478,13,,,0
901019,'1489893',1543,,479,13,,,0
901019,'1489894',1643,,480,13,,,0
901019,'1489895',1743,,481,13,,,0
901019,'1492528',643,,482,13,,,0
901019,'1492529',743,,483,13,,,0
901019,'1492530',843,,484,13,,,0
901019,'1492531',943,,485,13,,,0
901019,'1492532',1043,,486,13,,,0
901019,'1492533',1143,,487,13,,,0
901019,'1492534',1243,,488,13,,,0
901019,'1492535',1343,,489,13,,,0
901019,'1492536',1443,,490,13,,,0
901019,'1492537',1543,,491,13,,,0
901019,'1492538',1643,,492,13,,,0
901019,'1492539',1743,,493,13,,,0
901019,'1492540',1843,,494,13,,,0
901019,'1492541',2003,,495,13,,,0
901019,'1492542',2123,,496,13,,,0
902019,'1488205',1923,,497,39,,,0
902019,'1488206',2043,,498,39,,,0
902019,'1488207',2203,,499,39,,,0
902019,'1488257',1803,,500,13,,,0
902019,'1489896',703,,503,13,,,0
902019,'1489897',803,,504,13,,,0
902019,'1489898',903,,505,13,,,0
902019,'1489899',1003,,506,13,,,0
902019,'1489900',1103,,507,13,,,0
902019,'1489901',1203,,508,13,,,0
902019,'1489902',1303,,509,13,,,0
902019,'1489903',1403,,510,13,,,0
902019,'1489904',1503,,511,13,,,0
902019,'1489905',1603,,512,13,,,0
902019,'1489906',1703,,513,13,,,0
902019,'1492543',1923,,514,39,,,0
902019,'1492544',2043,,515,39,,,0
902019,'1492545',2203,,516,39,,,0
902019,'1492546',843,,517,39,,,0
902019,'1492547',1003,,518,39,,,0
902019,'1492548',1123,,519,39,,,0
902019,'1492549',1243,,520,39,,,0
902019,'1492550',1403,,521,39,,,0
902019,'1492551',1523,,522,39,,,0
902019,'1492552',1643,,523,39,,,0
902019,'1492553',1803,,524,39,,,0
902019,'1492554',1923,,525,39,,,0
902019,'1492555',2043,,526,39,,,0
902019,'1492556',2203,,527,39,,,0
