2019,'1486350',653,,45,25,,,0
2019,'1486351',733,,46,25,,,0
2019,'1486352',813,,47,25,,,0
2019,'1486353',853,,48,25,,,0
2019,'1486354',933,,49,25,,,0
2019,'1486355',1013,,50,25,,,0
2019,'1486356',1053,,51,25,,,0
2019,'1486357',1133,,52,25,,,0
2019,'1486358',1213,,53,25,,,0
2019,'1486359',1253,,54,25,,,0
2019,'1486360',1333,,55,25,,,0
2019,'1486361',1413,,56,25,,,0
2019,'1486362',1453,,57,25,,,0
2019,'1486363',1533,,58,25,,,0
2019,'1486364',1613,,59,25,,,0
2019,'1486365',1653,,60,25,,,0
2019,'1486366',1733,,61,25,,,0
2019,'1486958',1813,,62,25,,,0
