14019,'1489925',631,,209,4,,,0
14019,'1489926',711,,210,4,,,0
14019,'1489927',751,,211,4,,,0
14019,'1489928',831,,212,4,,,0
14019,'1489929',911,,213,4,,,0
14019,'1489930',951,,214,4,,,0
14019,'1489931',1031,,215,4,,,0
14019,'1489932',1111,,216,4,,,0
14019,'1489933',1151,,217,4,,,0
14019,'1489934',1231,,218,4,,,0
14019,'1489935',1311,,219,4,,,0
14019,'1489936',1351,,220,4,,,0
14019,'1489937',1431,,221,4,,,0
14019,'1489938',1511,,222,4,,,0
14019,'1489939',1551,,223,4,,,0
14019,'1489940',1631,,224,4,,,0
14019,'1489941',1711,,225,4,,,0
14019,'1489942',1751,,226,4,,,0
14019,'1489943',1831,,227,4,,,0
14019,'1489944',1911,,228,4,,,0
14019,'1489945',1951,,229,4,,,0
14019,'1489946',2031,,230,4,,,0
14019,'1489947',2111,,231,4,,,0
14019,'1489948',2151,,232,4,,,0
14019,'1489949',751,,233,4,,,0
14019,'1489950',831,,234,4,,,0
14019,'1489951',911,,235,4,,,0
14019,'1489952',951,,236,4,,,0
14019,'1489953',1031,,237,4,,,0
14019,'1489954',1111,,238,4,,,0
14019,'1489955',1151,,239,4,,,0
14019,'1489956',1231,,240,4,,,0
14019,'1489957',1311,,241,4,,,0
14019,'1489958',1351,,242,4,,,0
14019,'1489959',1431,,243,4,,,0
14019,'1489960',1511,,244,4,,,0
14019,'1489961',1551,,245,4,,,0
14019,'1489962',1631,,246,4,,,0
14019,'1489963',1711,,247,4,,,0
14019,'1489964',1751,,248,4,,,0
14019,'1489965',1831,,249,4,,,0
14019,'1489966',1911,,250,4,,,0
14019,'1489967',1951,,251,4,,,0
14019,'1489968',2031,,252,4,,,0
14019,'1489969',2111,,253,4,,,0
14019,'1489970',2151,,254,4,,,0
