15019,'1484063',702,,257,38,,,0
15019,'1484064',802,,258,38,,,0
15019,'1484065',902,,259,38,,,0
15019,'1484066',1002,,260,38,,,0
15019,'1484067',1102,,261,38,,,0
15019,'1484068',1202,,262,38,,,0
15019,'1484069',1302,,263,38,,,0
15019,'1484070',1402,,264,38,,,0
15019,'1484071',1502,,265,38,,,0
15019,'1484072',1602,,266,38,,,0
15019,'1484073',1702,,267,38,,,0
15019,'1484074',1802,,268,38,,,0
15019,'1489344',1902,,269,38,,,0
15019,'1489345',2002,,270,38,,,0
15019,'1489346',2102,,271,38,,,0
15019,'1489347',2202,,272,38,,,0
15019,'1489348',902,,273,38,,,0
15019,'1489349',1002,,274,38,,,0
15019,'1489350',1102,,275,38,,,0
15019,'1489351',1202,,276,38,,,0
15019,'1489352',1302,,277,38,,,0
15019,'1489353',1402,,278,38,,,0
15019,'1489354',1502,,279,38,,,0
15019,'1489355',1602,,280,38,,,0
15019,'1489356',1702,,281,38,,,0
15019,'1489357',1802,,282,38,,,0
15019,'1489358',1902,,283,38,,,0
15019,'1489359',2002,,284,38,,,0
15019,'1489360',2102,,285,38,,,0
15019,'1489361',2202,,286,38,,,0
