15019,'1484063',647,,257,21,,,0
15019,'1484064',747,,258,21,,,0
15019,'1484065',847,,259,21,,,0
15019,'1484066',947,,260,21,,,0
15019,'1484067',1047,,261,21,,,0
15019,'1484068',1147,,262,21,,,0
15019,'1484069',1247,,263,21,,,0
15019,'1484070',1347,,264,21,,,0
15019,'1484071',1447,,265,21,,,0
15019,'1484072',1547,,266,21,,,0
15019,'1484073',1647,,267,21,,,0
15019,'1484074',1747,,268,21,,,0
15019,'1489344',1847,,269,21,,,0
15019,'1489345',1947,,270,21,,,0
15019,'1489346',2047,,271,21,,,0
15019,'1489347',2147,,272,21,,,0
15019,'1489348',847,,273,21,,,0
15019,'1489349',947,,274,21,,,0
15019,'1489350',1047,,275,21,,,0
15019,'1489351',1147,,276,21,,,0
15019,'1489352',1247,,277,21,,,0
15019,'1489353',1347,,278,21,,,0
15019,'1489354',1447,,279,21,,,0
15019,'1489355',1547,,280,21,,,0
15019,'1489356',1647,,281,21,,,0
15019,'1489357',1747,,282,21,,,0
15019,'1489358',1847,,283,21,,,0
15019,'1489359',1947,,284,21,,,0
15019,'1489360',2047,,285,21,,,0
15019,'1489361',2147,,286,21,,,0
