15019,'1484063',647,,257,20,,,0,53,,257,35,,,0
15019,'1484064',747,,258,20,,,0,53,,258,35,,,0
15019,'1484065',847,,259,20,,,0,53,,259,35,,,0
15019,'1484066',947,,260,20,,,0,53,,260,35,,,0
15019,'1484067',1047,,261,20,,,0,53,,261,35,,,0
15019,'1484068',1147,,262,20,,,0,53,,262,35,,,0
15019,'1484069',1247,,263,20,,,0,53,,263,35,,,0
15019,'1484070',1347,,264,20,,,0,53,,264,35,,,0
15019,'1484071',1447,,265,20,,,0,53,,265,35,,,0
15019,'1484072',1547,,266,20,,,0,53,,266,35,,,0
15019,'1484073',1647,,267,20,,,0,53,,267,35,,,0
15019,'1484074',1747,,268,20,,,0,53,,268,35,,,0
15019,'1489344',1847,,269,20,,,0,53,,269,35,,,0
15019,'1489345',1947,,270,20,,,0,53,,270,35,,,0
15019,'1489346',2047,,271,20,,,0,53,,271,35,,,0
15019,'1489347',2147,,272,20,,,0,53,,272,35,,,0
15019,'1489348',847,,273,20,,,0,53,,273,35,,,0
15019,'1489349',947,,274,20,,,0,53,,274,35,,,0
15019,'1489350',1047,,275,20,,,0,53,,275,35,,,0
15019,'1489351',1147,,276,20,,,0,53,,276,35,,,0
15019,'1489352',1247,,277,20,,,0,53,,277,35,,,0
15019,'1489353',1347,,278,20,,,0,53,,278,35,,,0
15019,'1489354',1447,,279,20,,,0,53,,279,35,,,0
15019,'1489355',1547,,280,20,,,0,53,,280,35,,,0
15019,'1489356',1647,,281,20,,,0,53,,281,35,,,0
15019,'1489357',1747,,282,20,,,0,53,,282,35,,,0
15019,'1489358',1847,,283,20,,,0,53,,283,35,,,0
15019,'1489359',1947,,284,20,,,0,53,,284,35,,,0
15019,'1489360',2047,,285,20,,,0,53,,285,35,,,0
15019,'1489361',2147,,286,20,,,0,53,,286,35,,,0
