1019,'1483501',744,,25,2,0,18,0
2019,'1486350',640,,45,14,,,0
2019,'1486351',720,,46,14,,,0
2019,'1486352',800,,47,14,,,0
2019,'1486353',840,,48,14,,,0
2019,'1486354',920,,49,14,,,0
2019,'1486355',1000,,50,14,,,0
2019,'1486356',1040,,51,14,,,0
2019,'1486357',1120,,52,14,,,0
2019,'1486358',1200,,53,14,,,0
2019,'1486359',1240,,54,14,,,0
2019,'1486360',1320,,55,14,,,0
2019,'1486361',1400,,56,14,,,0
2019,'1486362',1440,,57,14,,,0
2019,'1486363',1520,,58,14,,,0
2019,'1486364',1600,,59,14,,,0
2019,'1486365',1640,,60,14,,,0
2019,'1486366',1720,,61,14,,,0
2019,'1486958',1800,,62,14,,,0
