15019,'1484063',653,,257,29,,,0
15019,'1484064',753,,258,29,,,0
15019,'1484065',853,,259,29,,,0
15019,'1484066',953,,260,29,,,0
15019,'1484067',1053,,261,29,,,0
15019,'1484068',1153,,262,29,,,0
15019,'1484069',1253,,263,29,,,0
15019,'1484070',1353,,264,29,,,0
15019,'1484071',1453,,265,29,,,0
15019,'1484072',1553,,266,29,,,0
15019,'1484073',1653,,267,29,,,0
15019,'1484074',1753,,268,29,,,0
15019,'1489344',1853,,269,29,,,0
15019,'1489345',1953,,270,29,,,0
15019,'1489346',2053,,271,29,,,0
15019,'1489347',2153,,272,29,,,0
15019,'1489348',853,,273,29,,,0
15019,'1489349',953,,274,29,,,0
15019,'1489350',1053,,275,29,,,0
15019,'1489351',1153,,276,29,,,0
15019,'1489352',1253,,277,29,,,0
15019,'1489353',1353,,278,29,,,0
15019,'1489354',1453,,279,29,,,0
15019,'1489355',1553,,280,29,,,0
15019,'1489356',1653,,281,29,,,0
15019,'1489357',1753,,282,29,,,0
15019,'1489358',1853,,283,29,,,0
15019,'1489359',1953,,284,29,,,0
15019,'1489360',2053,,285,29,,,0
15019,'1489361',2153,,286,29,,,0
