2019,'1480619',627,,44,8,,,0
2019,'1486350',705,,45,37,,,0
2019,'1486351',745,,46,37,,,0
2019,'1486352',825,,47,37,,,0
2019,'1486353',905,,48,37,,,0
2019,'1486354',945,,49,37,,,0
2019,'1486355',1025,,50,37,,,0
2019,'1486356',1105,,51,37,,,0
2019,'1486357',1145,,52,37,,,0
2019,'1486358',1225,,53,37,,,0
2019,'1486359',1305,,54,37,,,0
2019,'1486360',1345,,55,37,,,0
2019,'1486361',1425,,56,37,,,0
2019,'1486362',1505,,57,37,,,0
2019,'1486363',1545,,58,37,,,0
2019,'1486364',1625,,59,37,,,0
2019,'1486365',1705,,60,37,,,0
2019,'1486366',1745,,61,37,,,0
2019,'1486958',1825,,62,37,,,0
