2019,'1486350',654,,45,27,,,0
2019,'1486351',734,,46,27,,,0
2019,'1486352',814,,47,27,,,0
2019,'1486353',854,,48,27,,,0
2019,'1486354',934,,49,27,,,0
2019,'1486355',1014,,50,27,,,0
2019,'1486356',1054,,51,27,,,0
2019,'1486357',1134,,52,27,,,0
2019,'1486358',1214,,53,27,,,0
2019,'1486359',1254,,54,27,,,0
2019,'1486360',1334,,55,27,,,0
2019,'1486361',1414,,56,27,,,0
2019,'1486362',1454,,57,27,,,0
2019,'1486363',1534,,58,27,,,0
2019,'1486364',1614,,59,27,,,0
2019,'1486365',1654,,60,27,,,0
2019,'1486366',1734,,61,27,,,0
2019,'1486958',1814,,62,27,,,0
