2019,'1486350',653,,45,26,,,0
2019,'1486351',733,,46,26,,,0
2019,'1486352',813,,47,26,,,0
2019,'1486353',853,,48,26,,,0
2019,'1486354',933,,49,26,,,0
2019,'1486355',1013,,50,26,,,0
2019,'1486356',1053,,51,26,,,0
2019,'1486357',1133,,52,26,,,0
2019,'1486358',1213,,53,26,,,0
2019,'1486359',1253,,54,26,,,0
2019,'1486360',1333,,55,26,,,0
2019,'1486361',1413,,56,26,,,0
2019,'1486362',1453,,57,26,,,0
2019,'1486363',1533,,58,26,,,0
2019,'1486364',1613,,59,26,,,0
2019,'1486365',1653,,60,26,,,0
2019,'1486366',1733,,61,26,,,0
2019,'1486958',1813,,62,26,,,0
