20019,'1492422',655,,378,21,,,0
20019,'1492423',735,,379,21,,,0
20019,'1492424',815,,380,21,,,0
20019,'1492425',855,,381,21,,,0
20019,'1492426',935,,382,21,,,0
20019,'1492427',1015,,383,21,,,0
20019,'1492428',1055,,384,21,,,0
20019,'1492429',1135,,385,21,,,0
20019,'1492430',1215,,386,21,,,0
20019,'1492431',1255,,387,21,,,0
20019,'1492432',1335,,388,21,,,0
20019,'1492433',1415,,389,21,,,0
20019,'1492434',1455,,390,21,,,0
20019,'1492435',1535,,391,21,,,0
20019,'1492436',1615,,392,21,,,0
20019,'1492437',1655,,393,21,,,0
20019,'1492438',1735,,394,21,,,0
20019,'1492439',1815,,395,21,,,0
20019,'1492440',815,,396,21,,,0
20019,'1492441',855,,397,21,,,0
20019,'1492442',935,,398,21,,,0
20019,'1492443',1015,,399,21,,,0
20019,'1492444',1055,,400,21,,,0
20019,'1492445',1135,,401,21,,,0
20019,'1492446',1215,,402,21,,,0
20019,'1492447',1255,,403,21,,,0
20019,'1492448',1335,,404,21,,,0
20019,'1492449',1415,,405,21,,,0
20019,'1492450',1455,,406,21,,,0
20019,'1492451',1535,,407,21,,,0
20019,'1492452',1615,,408,21,,,0
20019,'1492453',1655,,409,21,,,0
20019,'1492454',1735,,410,21,,,0
20019,'1492455',1815,,411,21,,,0
