12019,'1490514',711,,172,2,0,12 13,0
12019,'1490515',811,,173,2,0,12 13,0
12019,'1490516',911,,174,2,0,12 13,0
12019,'1490517',1011,,175,2,0,12 13,0
12019,'1490533',1511,,176,2,0,12 13,0
12019,'1490534',1611,,177,2,0,12 13,0
12019,'1490535',1711,,178,2,0,12 13,0
12019,'1490536',1811,,179,2,0,12 13,0
12019,'1492410',1111,,180,2,0,12 13,0
12019,'1492411',1211,,181,2,0,12 13,0
12019,'1492465',1311,,182,2,0,12 13,0
12019,'1492466',1411,,183,2,0,12 13,0
12019,'1492505',711,,184,2,0,12 13,0
12019,'1492506',811,,185,2,0,12 13,0
12019,'1492507',1111,,186,2,0,12 13,0
12019,'1492508',1211,,187,2,0,12 13,0
12019,'1492509',1511,,188,2,0,12 13,0
12019,'1492510',1611,,189,2,0,12 13,0
12019,'1492511',811,,190,2,0,12 13,0
12019,'1492512',1111,,191,2,0,12 13,0
12019,'1492513',1211,,192,2,0,12 13,0
12019,'1492514',1511,,193,2,0,12 13,0
12019,'1492515',1611,,194,2,0,12 13,0
12019,'1492516',911,,195,2,0,12 13,0
12019,'1492517',1011,,196,2,0,12 13,0
12019,'1492518',1311,,197,2,0,12 13,0
12019,'1492519',1411,,198,2,0,12 13,0
12019,'1492520',1711,,199,2,0,12 13,0
12019,'1492521',1811,,200,2,0,12 13,0
12019,'1492522',911,,201,2,0,12 13,0
12019,'1492523',1011,,202,2,0,12 13,0
12019,'1492524',1311,,203,2,0,12 13,0
12019,'1492525',1411,,204,2,0,12 13,0
12019,'1492526',1711,,205,2,0,12 13,0
12019,'1492527',1811,,206,2,0,12 13,0
93019,'1492477',721,,432,11,0,5,0
93019,'1492478',821,,433,11,0,5,0
93019,'1492479',921,,434,11,0,5,0
93019,'1492480',1021,,435,11,0,5,0
93019,'1492481',1121,,436,11,0,5,0
93019,'1492482',1221,,437,11,0,5,0
93019,'1492483',1321,,438,11,0,5,0
93019,'1492484',1421,,439,11,0,5,0
93019,'1492485',1521,,440,11,0,5,0
93019,'1492486',1621,,441,11,0,5,0
93019,'1492487',1721,,442,11,0,5,0
93019,'1492557',721,,443,11,0,5,0
93019,'1492558',821,,444,11,0,5,0
93019,'1492559',921,,445,11,0,5,0
93019,'1492560',1021,,446,11,0,5,0
93019,'1492561',1121,,447,11,0,5,0
93019,'1492562',1221,,448,11,0,5,0
93019,'1492563',1321,,449,11,0,5,0
93019,'1492564',1421,,450,11,0,5,0
93019,'1492565',1521,,451,11,0,5,0
93019,'1492566',1621,,452,11,0,5,0
93019,'1492567',1721,,453,11,0,5,0
901019,'1489082',801,,456,11,,,0
901019,'1489083',921,,457,11,,,0
901019,'1489084',1041,,458,11,,,0
901019,'1489085',1201,,459,11,,,0
901019,'1489086',1321,,460,11,,,0
901019,'1489087',1441,,461,11,,,0
901019,'1489088',1601,,462,11,,,0
901019,'1489089',1721,,463,11,,,0
901019,'1489090',1841,,464,11,,,0
901019,'1489091',2001,,465,11,,,0
901019,'1489092',2121,,466,11,,,0
901019,'1489247',1841,,467,11,,,0
901019,'1489248',2001,,468,11,,,0
901019,'1489249',2121,,469,11,,,0
901019,'1489884',641,,470,11,,,0
901019,'1489885',741,,471,11,,,0
901019,'1489886',841,,472,11,,,0
901019,'1489887',941,,473,11,,,0
901019,'1489888',1041,,474,11,,,0
901019,'1489889',1141,,475,11,,,0
901019,'1489890',1241,,476,11,,,0
901019,'1489891',1341,,477,11,,,0
901019,'1489892',1441,,478,11,,,0
901019,'1489893',1541,,479,11,,,0
901019,'1489894',1641,,480,11,,,0
901019,'1489895',1741,,481,11,,,0
901019,'1492528',641,,482,11,,,0
901019,'1492529',741,,483,11,,,0
901019,'1492530',841,,484,11,,,0
901019,'1492531',941,,485,11,,,0
901019,'1492532',1041,,486,11,,,0
901019,'1492533',1141,,487,11,,,0
901019,'1492534',1241,,488,11,,,0
901019,'1492535',1341,,489,11,,,0
901019,'1492536',1441,,490,11,,,0
901019,'1492537',1541,,491,11,,,0
901019,'1492538',1641,,492,11,,,0
901019,'1492539',1741,,493,11,,,0
901019,'1492540',1841,,494,11,,,0
901019,'1492541',2001,,495,11,,,0
901019,'1492542',2121,,496,11,,,0
902019,'1488205',1921,,497,37,,,0
902019,'1488206',2041,,498,37,,,0
902019,'1488207',2201,,499,37,,,0
902019,'1488257',1801,,500,11,,,0
902019,'1489896',701,,503,11,,,0
902019,'1489897',801,,504,11,,,0
902019,'1489898',901,,505,11,,,0
902019,'1489899',1001,,506,11,,,0
902019,'1489900',1101,,507,11,,,0
902019,'1489901',1201,,508,11,,,0
902019,'1489902',1301,,509,11,,,0
902019,'1489903',1401,,510,11,,,0
902019,'1489904',1501,,511,11,,,0
902019,'1489905',1601,,512,11,,,0
902019,'1489906',1701,,513,11,,,0
902019,'1492543',1921,,514,37,,,0
902019,'1492544',2041,,515,37,,,0
902019,'1492545',2201,,516,37,,,0
902019,'1492546',841,,517,37,,,0
902019,'1492547',1001,,518,37,,,0
902019,'1492548',1121,,519,37,,,0
902019,'1492549',1241,,520,37,,,0
902019,'1492550',1401,,521,37,,,0
902019,'1492551',1521,,522,37,,,0
902019,'1492552',1641,,523,37,,,0
902019,'1492553',1801,,524,37,,,0
902019,'1492554',1921,,525,37,,,0
902019,'1492555',2041,,526,37,,,0
902019,'1492556',2201,,527,37,,,0
