12019,'1492505',735,,184,30,0,12 13,0
12019,'1492506',835,,185,30,0,12 13,0
12019,'1492507',1135,,186,30,0,12 13,0
12019,'1492508',1235,,187,30,0,12 13,0
12019,'1492509',1535,,188,30,0,12 13,0
12019,'1492510',1635,,189,30,0,12 13,0
12019,'1492511',835,,190,30,0,12 13,0
12019,'1492512',1135,,191,30,0,12 13,0
12019,'1492513',1235,,192,30,0,12 13,0
12019,'1492514',1535,,193,30,0,12 13,0
12019,'1492515',1635,,194,30,0,12 13,0
12019,'1492516',935,,195,30,0,12 13,0
12019,'1492517',1035,,196,30,0,12 13,0
12019,'1492518',1335,,197,30,0,12 13,0
12019,'1492519',1435,,198,30,0,12 13,0
12019,'1492520',1735,,199,30,0,12 13,0
12019,'1492521',1835,,200,30,0,12 13,0
12019,'1492522',935,,201,30,0,12 13,0
12019,'1492523',1035,,202,30,0,12 13,0
12019,'1492524',1335,,203,30,0,12 13,0
12019,'1492525',1435,,204,30,0,12 13,0
12019,'1492526',1735,,205,30,0,12 13,0
12019,'1492527',1835,,206,30,0,12 13,0
