4019,'1489036',637,,65,8,,,0
4019,'1489037',717,,66,8,,,0
4019,'1489038',757,,67,8,,,0
4019,'1489039',837,,68,8,,,0
4019,'1489040',917,,69,8,,,0
4019,'1489041',957,,70,8,,,0
4019,'1489042',1037,,71,8,,,0
4019,'1489043',1117,,72,8,,,0
4019,'1489044',1157,,73,8,,,0
4019,'1489045',1237,,74,8,,,0
4019,'1489046',1317,,75,8,,,0
4019,'1489047',1357,,76,8,,,0
4019,'1489048',1437,,77,8,,,0
4019,'1489049',1517,,78,8,,,0
4019,'1489050',1557,,79,8,,,0
4019,'1489051',1637,,80,8,,,0
4019,'1489052',1717,,81,8,,,0
4019,'1489053',1757,,82,8,,,0
4019,'1489054',1837,,83,8,,,0
4019,'1489055',1917,,84,8,,,0
4019,'1489056',1957,,85,8,,,0
4019,'1489057',2037,,86,8,,,0
4019,'1489058',2117,,87,8,,,0
4019,'1489059',2157,,88,8,,,0
4019,'1489060',757,,89,8,,,0
4019,'1489061',837,,90,8,,,0
4019,'1489062',917,,91,8,,,0
4019,'1489063',957,,92,8,,,0
4019,'1489064',1037,,93,8,,,0
4019,'1489065',1117,,94,8,,,0
4019,'1489066',1157,,95,8,,,0
4019,'1489067',1237,,96,8,,,0
4019,'1489068',1317,,97,8,,,0
4019,'1489069',1357,,98,8,,,0
4019,'1489070',1437,,99,8,,,0
4019,'1489071',1517,,100,8,,,0
4019,'1489072',1557,,101,8,,,0
4019,'1489073',1637,,102,8,,,0
4019,'1489074',1717,,103,8,,,0
4019,'1489075',1757,,104,8,,,0
4019,'1489076',1837,,105,8,,,0
4019,'1489077',1917,,106,8,,,0
4019,'1489078',1957,,107,8,,,0
4019,'1489079',2037,,108,8,,,0
4019,'1489080',2117,,109,8,,,0
4019,'1489081',2157,,110,8,,,0
