15019,'1484063',720,,257,53,,,0
15019,'1484064',820,,258,53,,,0
15019,'1484065',920,,259,53,,,0
15019,'1484066',1020,,260,53,,,0
15019,'1484067',1120,,261,53,,,0
15019,'1484068',1220,,262,53,,,0
15019,'1484069',1320,,263,53,,,0
15019,'1484070',1420,,264,53,,,0
15019,'1484071',1520,,265,53,,,0
15019,'1484072',1620,,266,53,,,0
15019,'1484073',1720,,267,53,,,0
15019,'1484074',1820,,268,53,,,0
15019,'1489344',1920,,269,53,,,0
15019,'1489345',2020,,270,53,,,0
15019,'1489346',2120,,271,53,,,0
15019,'1489347',2220,,272,53,,,0
15019,'1489348',920,,273,53,,,0
15019,'1489349',1020,,274,53,,,0
15019,'1489350',1120,,275,53,,,0
15019,'1489351',1220,,276,53,,,0
15019,'1489352',1320,,277,53,,,0
15019,'1489353',1420,,278,53,,,0
15019,'1489354',1520,,279,53,,,0
15019,'1489355',1620,,280,53,,,0
15019,'1489356',1720,,281,53,,,0
15019,'1489357',1820,,282,53,,,0
15019,'1489358',1920,,283,53,,,0
15019,'1489359',2020,,284,53,,,0
15019,'1489360',2120,,285,53,,,0
15019,'1489361',2220,,286,53,,,0
