15019,'1484063',647,,257,19,,,0
15019,'1484064',747,,258,19,,,0
15019,'1484065',847,,259,19,,,0
15019,'1484066',947,,260,19,,,0
15019,'1484067',1047,,261,19,,,0
15019,'1484068',1147,,262,19,,,0
15019,'1484069',1247,,263,19,,,0
15019,'1484070',1347,,264,19,,,0
15019,'1484071',1447,,265,19,,,0
15019,'1484072',1547,,266,19,,,0
15019,'1484073',1647,,267,19,,,0
15019,'1484074',1747,,268,19,,,0
15019,'1489344',1847,,269,19,,,0
15019,'1489345',1947,,270,19,,,0
15019,'1489346',2047,,271,19,,,0
15019,'1489347',2147,,272,19,,,0
15019,'1489348',847,,273,19,,,0
15019,'1489349',947,,274,19,,,0
15019,'1489350',1047,,275,19,,,0
15019,'1489351',1147,,276,19,,,0
15019,'1489352',1247,,277,19,,,0
15019,'1489353',1347,,278,19,,,0
15019,'1489354',1447,,279,19,,,0
15019,'1489355',1547,,280,19,,,0
15019,'1489356',1647,,281,19,,,0
15019,'1489357',1747,,282,19,,,0
15019,'1489358',1847,,283,19,,,0
15019,'1489359',1947,,284,19,,,0
15019,'1489360',2047,,285,19,,,0
15019,'1489361',2147,,286,19,,,0
