15019,'1484063',727,,257,56,,,0
15019,'1484064',827,,258,56,,,0
15019,'1484065',927,,259,56,,,0
15019,'1484066',1027,,260,56,,,0
15019,'1484067',1127,,261,56,,,0
15019,'1484068',1227,,262,56,,,0
15019,'1484069',1327,,263,56,,,0
15019,'1484070',1427,,264,56,,,0
15019,'1484071',1527,,265,56,,,0
15019,'1484072',1627,,266,56,,,0
15019,'1484073',1727,,267,56,,,0
15019,'1484074',1827,,268,56,,,0
15019,'1489344',1927,,269,56,,,0
15019,'1489345',2027,,270,56,,,0
15019,'1489346',2127,,271,56,,,0
15019,'1489347',2227,,272,56,,,0
15019,'1489348',927,,273,56,,,0
15019,'1489349',1027,,274,56,,,0
15019,'1489350',1127,,275,56,,,0
15019,'1489351',1227,,276,56,,,0
15019,'1489352',1327,,277,56,,,0
15019,'1489353',1427,,278,56,,,0
15019,'1489354',1527,,279,56,,,0
15019,'1489355',1627,,280,56,,,0
15019,'1489356',1727,,281,56,,,0
15019,'1489357',1827,,282,56,,,0
15019,'1489358',1927,,283,56,,,0
15019,'1489359',2027,,284,56,,,0
15019,'1489360',2127,,285,56,,,0
15019,'1489361',2227,,286,56,,,0
19019,'1489098',707,,308,27,,,0
19019,'1489099',747,,309,27,,,0
19019,'1489100',827,,310,27,,,0
19019,'1489101',907,,311,27,,,0
19019,'1489102',947,,312,27,,,0
19019,'1489103',1027,,313,27,,,0
19019,'1489104',1107,,314,27,,,0
19019,'1489105',1147,,315,27,,,0
19019,'1489106',1227,,316,27,,,0
19019,'1489107',1307,,317,27,,,0
19019,'1489108',1347,,318,27,,,0
19019,'1489109',1427,,319,27,,,0
19019,'1489110',1507,,320,27,,,0
19019,'1489111',1547,,321,27,,,0
19019,'1489112',1627,,322,27,,,0
19019,'1489113',1707,,323,27,,,0
19019,'1489114',1747,,324,27,,,0
19019,'1489115',1827,,325,27,,,0
19019,'1489116',727,,326,27,,,0
19019,'1489117',807,,327,27,,,0
19019,'1489118',847,,328,27,,,0
19019,'1489119',927,,329,27,,,0
19019,'1489120',1007,,330,27,,,0
19019,'1489121',1047,,331,27,,,0
19019,'1489122',1127,,332,27,,,0
19019,'1489123',1207,,333,27,,,0
19019,'1489124',1247,,334,27,,,0
19019,'1489125',1327,,335,27,,,0
19019,'1489126',1407,,336,27,,,0
19019,'1489127',1447,,337,27,,,0
19019,'1489128',1527,,338,27,,,0
19019,'1489129',1607,,339,27,,,0
19019,'1489130',1647,,340,27,,,0
19019,'1489131',1727,,341,27,,,0
19019,'1489132',1807,,342,27,,,0
901019,'1480871',628,,454,10,0,6,0
901019,'1480872',748,,455,10,0,6,0
