7019,'1489971',645,,113,9,0,7,0
7019,'1489972',725,,114,9,0,7,0
7019,'1489973',805,,115,9,0,7,0
7019,'1489974',845,,116,9,0,7,0
7019,'1489975',925,,117,9,0,7,0
7019,'1489976',1005,,118,9,0,7,0
7019,'1489983',1445,,119,9,0,7,0
7019,'1489984',1525,,120,9,0,7,0
7019,'1489985',1605,,121,9,0,7,0
7019,'1489986',1645,,122,9,0,7,0
7019,'1489987',1725,,123,9,0,7,0
7019,'1489988',1805,,124,9,0,7,0
7019,'1489995',805,,125,9,0,7,0
7019,'1489996',845,,126,9,0,7,0
7019,'1489997',925,,127,9,0,7,0
7019,'1489998',1005,,128,9,0,7,0
7019,'1489999',1045,,129,9,0,7,0
7019,'1490000',1125,,130,9,0,7,0
7019,'1490001',1205,,131,9,0,7,0
7019,'1490002',1245,,132,9,0,7,0
7019,'1490003',1325,,133,9,0,7,0
7019,'1490004',1405,,134,9,0,7,0
7019,'1490005',1445,,135,9,0,7,0
7019,'1490006',1525,,136,9,0,7,0
7019,'1490007',1605,,137,9,0,7,0
7019,'1490008',1645,,138,9,0,7,0
7019,'1490009',1725,,139,9,0,7,0
7019,'1490010',1805,,140,9,0,7,0
7019,'1492401',1245,,141,9,0,7,0
7019,'1492402',1325,,142,9,0,7,0
7019,'1492403',1405,,143,9,0,7,0
7019,'1492404',1645,,144,9,0,7,0
7019,'1492405',1725,,145,9,0,7,0
7019,'1492406',1805,,146,9,0,7,0
7019,'1492407',1245,,147,9,0,7,0
7019,'1492408',1325,,148,9,0,7,0
7019,'1492409',1405,,149,9,0,7,0
7019,'1492456',1045,,150,9,0,7,0
7019,'1492457',1125,,151,9,0,7,0
7019,'1492458',1205,,152,9,0,7,0
7019,'1492459',1445,,153,9,0,7,0
7019,'1492460',1525,,154,9,0,7,0
7019,'1492461',1605,,155,9,0,7,0
7019,'1492462',1045,,156,9,0,7,0
7019,'1492463',1125,,157,9,0,7,0
7019,'1492464',1205,,158,9,0,7,0
20019,'1492422',643,,378,13,,,0
20019,'1492423',723,,379,13,,,0
20019,'1492424',803,,380,13,,,0
20019,'1492425',843,,381,13,,,0
20019,'1492426',923,,382,13,,,0
20019,'1492427',1003,,383,13,,,0
20019,'1492428',1043,,384,13,,,0
20019,'1492429',1123,,385,13,,,0
20019,'1492430',1203,,386,13,,,0
20019,'1492431',1243,,387,13,,,0
20019,'1492432',1323,,388,13,,,0
20019,'1492433',1403,,389,13,,,0
20019,'1492434',1443,,390,13,,,0
20019,'1492435',1523,,391,13,,,0
20019,'1492436',1603,,392,13,,,0
20019,'1492437',1643,,393,13,,,0
20019,'1492438',1723,,394,13,,,0
20019,'1492439',1803,,395,13,,,0
20019,'1492440',803,,396,13,,,0
20019,'1492441',843,,397,13,,,0
20019,'1492442',923,,398,13,,,0
20019,'1492443',1003,,399,13,,,0
20019,'1492444',1043,,400,13,,,0
20019,'1492445',1123,,401,13,,,0
20019,'1492446',1203,,402,13,,,0
20019,'1492447',1243,,403,13,,,0
20019,'1492448',1323,,404,13,,,0
20019,'1492449',1403,,405,13,,,0
20019,'1492450',1443,,406,13,,,0
20019,'1492451',1523,,407,13,,,0
20019,'1492452',1603,,408,13,,,0
20019,'1492453',1643,,409,13,,,0
20019,'1492454',1723,,410,13,,,0
20019,'1492455',1803,,411,13,,,0
