15019,'1480582',622,,255,2,0,6,0
15019,'1480583',822,,256,2,0,6,0
19019,'1489098',653,,308,20,,,0
19019,'1489099',733,,309,20,,,0
19019,'1489100',813,,310,20,,,0
19019,'1489101',853,,311,20,,,0
19019,'1489102',933,,312,20,,,0
19019,'1489103',1013,,313,20,,,0
19019,'1489104',1053,,314,20,,,0
19019,'1489105',1133,,315,20,,,0
19019,'1489106',1213,,316,20,,,0
19019,'1489107',1253,,317,20,,,0
19019,'1489108',1333,,318,20,,,0
19019,'1489109',1413,,319,20,,,0
19019,'1489110',1453,,320,20,,,0
19019,'1489111',1533,,321,20,,,0
19019,'1489112',1613,,322,20,,,0
19019,'1489113',1653,,323,20,,,0
19019,'1489114',1733,,324,20,,,0
19019,'1489115',1813,,325,20,,,0
19019,'1489116',713,,326,20,,,0
19019,'1489117',753,,327,20,,,0
19019,'1489118',833,,328,20,,,0
19019,'1489119',913,,329,20,,,0
19019,'1489120',953,,330,20,,,0
19019,'1489121',1033,,331,20,,,0
19019,'1489122',1113,,332,20,,,0
19019,'1489123',1153,,333,20,,,0
19019,'1489124',1233,,334,20,,,0
19019,'1489125',1313,,335,20,,,0
19019,'1489126',1353,,336,20,,,0
19019,'1489127',1433,,337,20,,,0
19019,'1489128',1513,,338,20,,,0
19019,'1489129',1553,,339,20,,,0
19019,'1489130',1633,,340,20,,,0
19019,'1489131',1713,,341,20,,,0
19019,'1489132',1753,,342,20,,,0
901019,'1489082',853,,456,51,0,16 17,0
901019,'1489083',1013,,457,51,0,16 17,0
901019,'1489084',1133,,458,51,0,16 17,0
901019,'1489085',1253,,459,51,0,16 17,0
901019,'1489086',1413,,460,51,0,16 17,0
901019,'1489087',1533,,461,51,0,16 17,0
901019,'1489088',1653,,462,51,0,16 17,0
901019,'1489089',1813,,463,51,0,16 17,0
901019,'1489090',1933,,464,51,0,16 17,0
901019,'1489091',2053,,465,51,0,16 17,0
901019,'1489092',2213,,466,51,0,16 17,0
901019,'1492540',1933,,494,51,0,16 17,0
901019,'1492541',2053,,495,51,0,16 17,0
901019,'1492542',2213,,496,51,0,16 17,0
902019,'1492543',1853,,514,19,0,16 17,0
902019,'1492544',2013,,515,19,0,16 17,0
902019,'1492545',2133,,516,19,0,16 17,0
902019,'1492546',813,,517,19,0,16 17,0
902019,'1492547',933,,518,19,0,16 17,0
902019,'1492548',1053,,519,19,0,16 17,0
902019,'1492549',1213,,520,19,0,16 17,0
902019,'1492550',1333,,521,19,0,16 17,0
902019,'1492551',1453,,522,19,0,16 17,0
902019,'1492552',1613,,523,19,0,16 17,0
902019,'1492553',1733,,524,19,0,16 17,0
902019,'1492554',1853,,525,19,0,16 17,0
902019,'1492555',2013,,526,19,0,16 17,0
902019,'1492556',2133,,527,19,0,16 17,0
