7019,'1482898',630,,111,5,0,8,0
7019,'1482899',750,,112,5,0,8,0
12019,'1482623',700,,170,5,0,8,0
12019,'1482624',800,,171,5,0,8,0
16019,'1488147',758,,287,16,0,9 10,0
16019,'1488148',858,,288,16,0,9 10,0
16019,'1488149',958,,289,16,0,9 10,0
16019,'1488162',1258,,290,16,0,9 10,0
16019,'1488163',1358,,291,16,0,9 10,0
16019,'1488164',1458,,292,16,0,9 10,0
16019,'1488165',1558,,293,16,0,9 10,0
16019,'1488166',1658,,294,16,0,9 10,0
16019,'1488167',1758,,295,16,0,9 10,0
16019,'1492416',1058,,296,16,0,9 10,0
16019,'1492417',1158,,297,16,0,9 10,0
16019,'1492418',1058,,298,16,0,9 10,0
16019,'1492419',1158,,299,16,0,9 10,0
16019,'1492420',1458,,300,16,0,9 10,0
16019,'1492421',1558,,301,16,0,9 10,0
16019,'1492471',858,,302,16,0,9 10,0
16019,'1492472',958,,303,16,0,9 10,0
16019,'1492473',1658,,304,16,0,9 10,0
16019,'1492474',1758,,305,16,0,9 10,0
16019,'1492475',1258,,306,16,0,9 10,0
16019,'1492476',1358,,307,16,0,9 10,0
