14019,'1489925',643,,209,17,,,0
14019,'1489926',723,,210,17,,,0
14019,'1489927',803,,211,17,,,0
14019,'1489928',843,,212,17,,,0
14019,'1489929',923,,213,17,,,0
14019,'1489930',1003,,214,17,,,0
14019,'1489931',1043,,215,17,,,0
14019,'1489932',1123,,216,17,,,0
14019,'1489933',1203,,217,17,,,0
14019,'1489934',1243,,218,17,,,0
14019,'1489935',1323,,219,17,,,0
14019,'1489936',1403,,220,17,,,0
14019,'1489937',1443,,221,17,,,0
14019,'1489938',1523,,222,17,,,0
14019,'1489939',1603,,223,17,,,0
14019,'1489940',1643,,224,17,,,0
14019,'1489941',1723,,225,17,,,0
14019,'1489942',1803,,226,17,,,0
14019,'1489943',1843,,227,17,,,0
14019,'1489944',1923,,228,17,,,0
14019,'1489945',2003,,229,17,,,0
14019,'1489946',2043,,230,17,,,0
14019,'1489947',2123,,231,17,,,0
14019,'1489948',2203,,232,17,,,0
14019,'1489949',803,,233,17,,,0
14019,'1489950',843,,234,17,,,0
14019,'1489951',923,,235,17,,,0
14019,'1489952',1003,,236,17,,,0
14019,'1489953',1043,,237,17,,,0
14019,'1489954',1123,,238,17,,,0
14019,'1489955',1203,,239,17,,,0
14019,'1489956',1243,,240,17,,,0
14019,'1489957',1323,,241,17,,,0
14019,'1489958',1403,,242,17,,,0
14019,'1489959',1443,,243,17,,,0
14019,'1489960',1523,,244,17,,,0
14019,'1489961',1603,,245,17,,,0
14019,'1489962',1643,,246,17,,,0
14019,'1489963',1723,,247,17,,,0
14019,'1489964',1803,,248,17,,,0
14019,'1489965',1843,,249,17,,,0
14019,'1489966',1923,,250,17,,,0
14019,'1489967',2003,,251,17,,,0
14019,'1489968',2043,,252,17,,,0
14019,'1489969',2123,,253,17,,,0
14019,'1489970',2203,,254,17,,,0
