7019,'1489971',706,,113,30,0,7,0
7019,'1489972',746,,114,30,0,7,0
7019,'1489973',826,,115,30,0,7,0
7019,'1489974',906,,116,30,0,7,0
7019,'1489975',946,,117,30,0,7,0
7019,'1489976',1026,,118,30,0,7,0
7019,'1489983',1506,,119,30,0,7,0
7019,'1489984',1546,,120,30,0,7,0
7019,'1489985',1626,,121,30,0,7,0
7019,'1489986',1706,,122,30,0,7,0
7019,'1489987',1746,,123,30,0,7,0
7019,'1489988',1826,,124,30,0,7,0
7019,'1489995',826,,125,30,0,7,0
7019,'1489996',906,,126,30,0,7,0
7019,'1489997',946,,127,30,0,7,0
7019,'1489998',1026,,128,30,0,7,0
7019,'1489999',1106,,129,30,0,7,0
7019,'1490000',1146,,130,30,0,7,0
7019,'1490001',1226,,131,30,0,7,0
7019,'1490002',1306,,132,30,0,7,0
7019,'1490003',1346,,133,30,0,7,0
7019,'1490004',1426,,134,30,0,7,0
7019,'1490005',1506,,135,30,0,7,0
7019,'1490006',1546,,136,30,0,7,0
7019,'1490007',1626,,137,30,0,7,0
7019,'1490008',1706,,138,30,0,7,0
7019,'1490009',1746,,139,30,0,7,0
7019,'1490010',1826,,140,30,0,7,0
7019,'1492401',1306,,141,30,0,7,0
7019,'1492402',1346,,142,30,0,7,0
7019,'1492403',1426,,143,30,0,7,0
7019,'1492404',1706,,144,30,0,7,0
7019,'1492405',1746,,145,30,0,7,0
7019,'1492406',1826,,146,30,0,7,0
7019,'1492407',1306,,147,30,0,7,0
7019,'1492408',1346,,148,30,0,7,0
7019,'1492409',1426,,149,30,0,7,0
7019,'1492456',1106,,150,30,0,7,0
7019,'1492457',1146,,151,30,0,7,0
7019,'1492458',1226,,152,30,0,7,0
7019,'1492459',1506,,153,30,0,7,0
7019,'1492460',1546,,154,30,0,7,0
7019,'1492461',1626,,155,30,0,7,0
7019,'1492462',1106,,156,30,0,7,0
7019,'1492463',1146,,157,30,0,7,0
7019,'1492464',1226,,158,30,0,7,0
