15019,'1484063',702,,257,39,,,0
15019,'1484064',802,,258,39,,,0
15019,'1484065',902,,259,39,,,0
15019,'1484066',1002,,260,39,,,0
15019,'1484067',1102,,261,39,,,0
15019,'1484068',1202,,262,39,,,0
15019,'1484069',1302,,263,39,,,0
15019,'1484070',1402,,264,39,,,0
15019,'1484071',1502,,265,39,,,0
15019,'1484072',1602,,266,39,,,0
15019,'1484073',1702,,267,39,,,0
15019,'1484074',1802,,268,39,,,0
15019,'1489344',1902,,269,39,,,0
15019,'1489345',2002,,270,39,,,0
15019,'1489346',2102,,271,39,,,0
15019,'1489347',2202,,272,39,,,0
15019,'1489348',902,,273,39,,,0
15019,'1489349',1002,,274,39,,,0
15019,'1489350',1102,,275,39,,,0
15019,'1489351',1202,,276,39,,,0
15019,'1489352',1302,,277,39,,,0
15019,'1489353',1402,,278,39,,,0
15019,'1489354',1502,,279,39,,,0
15019,'1489355',1602,,280,39,,,0
15019,'1489356',1702,,281,39,,,0
15019,'1489357',1802,,282,39,,,0
15019,'1489358',1902,,283,39,,,0
15019,'1489359',2002,,284,39,,,0
15019,'1489360',2102,,285,39,,,0
15019,'1489361',2202,,286,39,,,0
