20019,'1492422',638,,378,9,,,0
20019,'1492423',718,,379,9,,,0
20019,'1492424',758,,380,9,,,0
20019,'1492425',838,,381,9,,,0
20019,'1492426',918,,382,9,,,0
20019,'1492427',958,,383,9,,,0
20019,'1492428',1038,,384,9,,,0
20019,'1492429',1118,,385,9,,,0
20019,'1492430',1158,,386,9,,,0
20019,'1492431',1238,,387,9,,,0
20019,'1492432',1318,,388,9,,,0
20019,'1492433',1358,,389,9,,,0
20019,'1492434',1438,,390,9,,,0
20019,'1492435',1518,,391,9,,,0
20019,'1492436',1558,,392,9,,,0
20019,'1492437',1638,,393,9,,,0
20019,'1492438',1718,,394,9,,,0
20019,'1492439',1758,,395,9,,,0
20019,'1492440',758,,396,9,,,0
20019,'1492441',838,,397,9,,,0
20019,'1492442',918,,398,9,,,0
20019,'1492443',958,,399,9,,,0
20019,'1492444',1038,,400,9,,,0
20019,'1492445',1118,,401,9,,,0
20019,'1492446',1158,,402,9,,,0
20019,'1492447',1238,,403,9,,,0
20019,'1492448',1318,,404,9,,,0
20019,'1492449',1358,,405,9,,,0
20019,'1492450',1438,,406,9,,,0
20019,'1492451',1518,,407,9,,,0
20019,'1492452',1558,,408,9,,,0
20019,'1492453',1638,,409,9,,,0
20019,'1492454',1718,,410,9,,,0
20019,'1492455',1758,,411,9,,,0
