15019,'1484063',644,,257,13,,,0
15019,'1484064',744,,258,13,,,0
15019,'1484065',844,,259,13,,,0
15019,'1484066',944,,260,13,,,0
15019,'1484067',1044,,261,13,,,0
15019,'1484068',1144,,262,13,,,0
15019,'1484069',1244,,263,13,,,0
15019,'1484070',1344,,264,13,,,0
15019,'1484071',1444,,265,13,,,0
15019,'1484072',1544,,266,13,,,0
15019,'1484073',1644,,267,13,,,0
15019,'1484074',1744,,268,13,,,0
15019,'1489344',1844,,269,13,,,0
15019,'1489345',1944,,270,13,,,0
15019,'1489346',2044,,271,13,,,0
15019,'1489347',2144,,272,13,,,0
15019,'1489348',844,,273,13,,,0
15019,'1489349',944,,274,13,,,0
15019,'1489350',1044,,275,13,,,0
15019,'1489351',1144,,276,13,,,0
15019,'1489352',1244,,277,13,,,0
15019,'1489353',1344,,278,13,,,0
15019,'1489354',1444,,279,13,,,0
15019,'1489355',1544,,280,13,,,0
15019,'1489356',1644,,281,13,,,0
15019,'1489357',1744,,282,13,,,0
15019,'1489358',1844,,283,13,,,0
15019,'1489359',1944,,284,13,,,0
15019,'1489360',2044,,285,13,,,0
15019,'1489361',2144,,286,13,,,0
