1019,'1482680',817,,3,24,0,11,0
1019,'1482681',857,,4,24,0,11,0
1019,'1482682',937,,5,24,0,11,0
1019,'1482683',1017,,6,24,0,11,0
1019,'1482684',1057,,7,24,0,11,0
1019,'1482685',1137,,8,24,0,11,0
1019,'1482686',1217,,9,24,0,11,0
1019,'1482687',1257,,10,24,0,11,0
1019,'1482688',1337,,11,24,0,11,0
1019,'1482689',1417,,12,24,0,11,0
1019,'1482690',1457,,13,24,0,11,0
1019,'1482691',1537,,14,24,0,11,0
1019,'1482692',1617,,15,24,0,11,0
1019,'1482693',1657,,16,24,0,11,0
1019,'1482694',1737,,17,24,0,11,0
1019,'1482695',1817,,18,24,0,11,0
1019,'1482696',1857,,19,24,0,11,0
1019,'1482697',1937,,20,24,0,11,0
1019,'1482698',2017,,21,24,0,11,0
1019,'1482699',2057,,22,24,0,11,0
1019,'1482700',2137,,23,24,0,11,0
1019,'1482701',2217,,24,24,0,11,0
1019,'1485865',655,,26,27,0,11,0
1019,'1485866',735,,27,27,0,11,0
1019,'1485867',815,,28,27,0,11,0
1019,'1485868',855,,29,27,0,11,0
1019,'1485869',935,,30,27,0,11,0
1019,'1485870',1015,,31,27,0,11,0
1019,'1485871',1055,,32,27,0,11,0
1019,'1485872',1135,,33,27,0,11,0
1019,'1485873',1215,,34,27,0,11,0
1019,'1485874',1255,,35,27,0,11,0
1019,'1485875',1335,,36,27,0,11,0
1019,'1485876',1415,,37,27,0,11,0
1019,'1485877',1455,,38,27,0,11,0
1019,'1485878',1535,,39,27,0,11,0
1019,'1485879',1615,,40,27,0,11,0
1019,'1485880',1655,,41,27,0,11,0
1019,'1485881',1735,,42,27,0,11,0
1019,'1485882',1815,,43,27,0,11,0
