1019,'1482680',813,,3,22,0,11,0
1019,'1482681',853,,4,22,0,11,0
1019,'1482682',933,,5,22,0,11,0
1019,'1482683',1013,,6,22,0,11,0
1019,'1482684',1053,,7,22,0,11,0
1019,'1482685',1133,,8,22,0,11,0
1019,'1482686',1213,,9,22,0,11,0
1019,'1482687',1253,,10,22,0,11,0
1019,'1482688',1333,,11,22,0,11,0
1019,'1482689',1413,,12,22,0,11,0
1019,'1482690',1453,,13,22,0,11,0
1019,'1482691',1533,,14,22,0,11,0
1019,'1482692',1613,,15,22,0,11,0
1019,'1482693',1653,,16,22,0,11,0
1019,'1482694',1733,,17,22,0,11,0
1019,'1482695',1813,,18,22,0,11,0
1019,'1482696',1853,,19,22,0,11,0
1019,'1482697',1933,,20,22,0,11,0
1019,'1482698',2013,,21,22,0,11,0
1019,'1482699',2053,,22,22,0,11,0
1019,'1482700',2133,,23,22,0,11,0
1019,'1482701',2213,,24,22,0,11,0
1019,'1485865',652,,26,25,0,11,0
1019,'1485866',732,,27,25,0,11,0
1019,'1485867',812,,28,25,0,11,0
1019,'1485868',852,,29,25,0,11,0
1019,'1485869',932,,30,25,0,11,0
1019,'1485870',1012,,31,25,0,11,0
1019,'1485871',1052,,32,25,0,11,0
1019,'1485872',1132,,33,25,0,11,0
1019,'1485873',1212,,34,25,0,11,0
1019,'1485874',1252,,35,25,0,11,0
1019,'1485875',1332,,36,25,0,11,0
1019,'1485876',1412,,37,25,0,11,0
1019,'1485877',1452,,38,25,0,11,0
1019,'1485878',1532,,39,25,0,11,0
1019,'1485879',1612,,40,25,0,11,0
1019,'1485880',1652,,41,25,0,11,0
1019,'1485881',1732,,42,25,0,11,0
1019,'1485882',1812,,43,25,0,11,0
