15019,'1484063',713,,257,46,,,0
15019,'1484064',813,,258,46,,,0
15019,'1484065',913,,259,46,,,0
15019,'1484066',1013,,260,46,,,0
15019,'1484067',1113,,261,46,,,0
15019,'1484068',1213,,262,46,,,0
15019,'1484069',1313,,263,46,,,0
15019,'1484070',1413,,264,46,,,0
15019,'1484071',1513,,265,46,,,0
15019,'1484072',1613,,266,46,,,0
15019,'1484073',1713,,267,46,,,0
15019,'1484074',1813,,268,46,,,0
15019,'1489344',1913,,269,46,,,0
15019,'1489345',2013,,270,46,,,0
15019,'1489346',2113,,271,46,,,0
15019,'1489347',2213,,272,46,,,0
15019,'1489348',913,,273,46,,,0
15019,'1489349',1013,,274,46,,,0
15019,'1489350',1113,,275,46,,,0
15019,'1489351',1213,,276,46,,,0
15019,'1489352',1313,,277,46,,,0
15019,'1489353',1413,,278,46,,,0
15019,'1489354',1513,,279,46,,,0
15019,'1489355',1613,,280,46,,,0
15019,'1489356',1713,,281,46,,,0
15019,'1489357',1813,,282,46,,,0
15019,'1489358',1913,,283,46,,,0
15019,'1489359',2013,,284,46,,,0
15019,'1489360',2113,,285,46,,,0
15019,'1489361',2213,,286,46,,,0
