1019,'1481753',623,,1,2,0,6,0
1019,'1481754',743,,2,2,0,6,0
1019,'1482680',826,,3,32,0,11,0
1019,'1482681',906,,4,32,0,11,0
1019,'1482682',946,,5,32,0,11,0
1019,'1482683',1026,,6,32,0,11,0
1019,'1482684',1106,,7,32,0,11,0
1019,'1482685',1146,,8,32,0,11,0
1019,'1482686',1226,,9,32,0,11,0
1019,'1482687',1306,,10,32,0,11,0
1019,'1482688',1346,,11,32,0,11,0
1019,'1482689',1426,,12,32,0,11,0
1019,'1482690',1506,,13,32,0,11,0
1019,'1482691',1546,,14,32,0,11,0
1019,'1482692',1626,,15,32,0,11,0
1019,'1482693',1706,,16,32,0,11,0
1019,'1482694',1746,,17,32,0,11,0
1019,'1482695',1826,,18,32,0,11,0
1019,'1482696',1906,,19,32,0,11,0
1019,'1482697',1946,,20,32,0,11,0
1019,'1482698',2026,,21,32,0,11,0
1019,'1482699',2106,,22,32,0,11,0
1019,'1482700',2146,,23,32,0,11,0
1019,'1482701',2226,,24,32,0,11,0
1019,'1485865',704,,26,35,0,11,0
1019,'1485866',744,,27,35,0,11,0
1019,'1485867',824,,28,35,0,11,0
1019,'1485868',904,,29,35,0,11,0
1019,'1485869',944,,30,35,0,11,0
1019,'1485870',1024,,31,35,0,11,0
1019,'1485871',1104,,32,35,0,11,0
1019,'1485872',1144,,33,35,0,11,0
1019,'1485873',1224,,34,35,0,11,0
1019,'1485874',1304,,35,35,0,11,0
1019,'1485875',1344,,36,35,0,11,0
1019,'1485876',1424,,37,35,0,11,0
1019,'1485877',1504,,38,35,0,11,0
1019,'1485878',1544,,39,35,0,11,0
1019,'1485879',1624,,40,35,0,11,0
1019,'1485880',1704,,41,35,0,11,0
1019,'1485881',1744,,42,35,0,11,0
1019,'1485882',1824,,43,35,0,11,0
93019,'1487148',703,,431,2,,,0
901019,'1480871',623,,454,2,0,6,0
901019,'1480872',743,,455,2,0,6,0
902019,'1488258',644,,501,2,0,6,0
902019,'1488259',744,,502,2,0,6,0
