7019,'1489971',713,,113,36,0,7,0
7019,'1489972',753,,114,36,0,7,0
7019,'1489973',833,,115,36,0,7,0
7019,'1489974',913,,116,36,0,7,0
7019,'1489975',953,,117,36,0,7,0
7019,'1489976',1033,,118,36,0,7,0
7019,'1489983',1513,,119,36,0,7,0
7019,'1489984',1553,,120,36,0,7,0
7019,'1489985',1633,,121,36,0,7,0
7019,'1489986',1713,,122,36,0,7,0
7019,'1489987',1753,,123,36,0,7,0
7019,'1489988',1833,,124,36,0,7,0
7019,'1489995',833,,125,36,0,7,0
7019,'1489996',913,,126,36,0,7,0
7019,'1489997',953,,127,36,0,7,0
7019,'1489998',1033,,128,36,0,7,0
7019,'1489999',1113,,129,36,0,7,0
7019,'1490000',1153,,130,36,0,7,0
7019,'1490001',1233,,131,36,0,7,0
7019,'1490002',1313,,132,36,0,7,0
7019,'1490003',1353,,133,36,0,7,0
7019,'1490004',1433,,134,36,0,7,0
7019,'1490005',1513,,135,36,0,7,0
7019,'1490006',1553,,136,36,0,7,0
7019,'1490007',1633,,137,36,0,7,0
7019,'1490008',1713,,138,36,0,7,0
7019,'1490009',1753,,139,36,0,7,0
7019,'1490010',1833,,140,36,0,7,0
7019,'1492401',1313,,141,36,0,7,0
7019,'1492402',1353,,142,36,0,7,0
7019,'1492403',1433,,143,36,0,7,0
7019,'1492404',1713,,144,36,0,7,0
7019,'1492405',1753,,145,36,0,7,0
7019,'1492406',1833,,146,36,0,7,0
7019,'1492407',1313,,147,36,0,7,0
7019,'1492408',1353,,148,36,0,7,0
7019,'1492409',1433,,149,36,0,7,0
7019,'1492456',1113,,150,36,0,7,0
7019,'1492457',1153,,151,36,0,7,0
7019,'1492458',1233,,152,36,0,7,0
7019,'1492459',1513,,153,36,0,7,0
7019,'1492460',1553,,154,36,0,7,0
7019,'1492461',1633,,155,36,0,7,0
7019,'1492462',1113,,156,36,0,7,0
7019,'1492463',1153,,157,36,0,7,0
7019,'1492464',1233,,158,36,0,7,0
