1019,'1482680',806,,3,15,0,11,0
1019,'1482681',846,,4,15,0,11,0
1019,'1482682',926,,5,15,0,11,0
1019,'1482683',1006,,6,15,0,11,0
1019,'1482684',1046,,7,15,0,11,0
1019,'1482685',1126,,8,15,0,11,0
1019,'1482686',1206,,9,15,0,11,0
1019,'1482687',1246,,10,15,0,11,0
1019,'1482688',1326,,11,15,0,11,0
1019,'1482689',1406,,12,15,0,11,0
1019,'1482690',1446,,13,15,0,11,0
1019,'1482691',1526,,14,15,0,11,0
1019,'1482692',1606,,15,15,0,11,0
1019,'1482693',1646,,16,15,0,11,0
1019,'1482694',1726,,17,15,0,11,0
1019,'1482695',1806,,18,15,0,11,0
1019,'1482696',1846,,19,15,0,11,0
1019,'1482697',1926,,20,15,0,11,0
1019,'1482698',2006,,21,15,0,11,0
1019,'1482699',2046,,22,15,0,11,0
1019,'1482700',2126,,23,15,0,11,0
1019,'1482701',2206,,24,15,0,11,0
1019,'1485865',646,,26,18,0,11,0
1019,'1485866',726,,27,18,0,11,0
1019,'1485867',806,,28,18,0,11,0
1019,'1485868',846,,29,18,0,11,0
1019,'1485869',926,,30,18,0,11,0
1019,'1485870',1006,,31,18,0,11,0
1019,'1485871',1046,,32,18,0,11,0
1019,'1485872',1126,,33,18,0,11,0
1019,'1485873',1206,,34,18,0,11,0
1019,'1485874',1246,,35,18,0,11,0
1019,'1485875',1326,,36,18,0,11,0
1019,'1485876',1406,,37,18,0,11,0
1019,'1485877',1446,,38,18,0,11,0
1019,'1485878',1526,,39,18,0,11,0
1019,'1485879',1606,,40,18,0,11,0
1019,'1485880',1646,,41,18,0,11,0
1019,'1485881',1726,,42,18,0,11,0
1019,'1485882',1806,,43,18,0,11,0
10019,'1483448',645,,161,13,0,5,0
10019,'1483449',1525,,162,13,0,5,0
10019,'1486951',707,,163,19,,,0
10019,'1486952',727,,164,19,,,0
10019,'1486953',747,,165,19,,,0
10019,'1486954',1547,,166,19,,,0
10019,'1486955',1607,,167,19,,,0
10019,'1486956',1627,,168,19,,,0
10019,'1486957',1647,,169,19,,,0
