7019,'1489971',700,,113,25,0,7,0
7019,'1489972',740,,114,25,0,7,0
7019,'1489973',820,,115,25,0,7,0
7019,'1489974',900,,116,25,0,7,0
7019,'1489975',940,,117,25,0,7,0
7019,'1489976',1020,,118,25,0,7,0
7019,'1489983',1500,,119,25,0,7,0
7019,'1489984',1540,,120,25,0,7,0
7019,'1489985',1620,,121,25,0,7,0
7019,'1489986',1700,,122,25,0,7,0
7019,'1489987',1740,,123,25,0,7,0
7019,'1489988',1820,,124,25,0,7,0
7019,'1489995',820,,125,25,0,7,0
7019,'1489996',900,,126,25,0,7,0
7019,'1489997',940,,127,25,0,7,0
7019,'1489998',1020,,128,25,0,7,0
7019,'1489999',1100,,129,25,0,7,0
7019,'1490000',1140,,130,25,0,7,0
7019,'1490001',1220,,131,25,0,7,0
7019,'1490002',1300,,132,25,0,7,0
7019,'1490003',1340,,133,25,0,7,0
7019,'1490004',1420,,134,25,0,7,0
7019,'1490005',1500,,135,25,0,7,0
7019,'1490006',1540,,136,25,0,7,0
7019,'1490007',1620,,137,25,0,7,0
7019,'1490008',1700,,138,25,0,7,0
7019,'1490009',1740,,139,25,0,7,0
7019,'1490010',1820,,140,25,0,7,0
7019,'1492401',1300,,141,25,0,7,0
7019,'1492402',1340,,142,25,0,7,0
7019,'1492403',1420,,143,25,0,7,0
7019,'1492404',1700,,144,25,0,7,0
7019,'1492405',1740,,145,25,0,7,0
7019,'1492406',1820,,146,25,0,7,0
7019,'1492407',1300,,147,25,0,7,0
7019,'1492408',1340,,148,25,0,7,0
7019,'1492409',1420,,149,25,0,7,0
7019,'1492456',1100,,150,25,0,7,0
7019,'1492457',1140,,151,25,0,7,0
7019,'1492458',1220,,152,25,0,7,0
7019,'1492459',1500,,153,25,0,7,0
7019,'1492460',1540,,154,25,0,7,0
7019,'1492461',1620,,155,25,0,7,0
7019,'1492462',1100,,156,25,0,7,0
7019,'1492463',1140,,157,25,0,7,0
7019,'1492464',1220,,158,25,0,7,0
