14019,'1489925',645,,209,19,,,0
14019,'1489926',725,,210,19,,,0
14019,'1489927',805,,211,19,,,0
14019,'1489928',845,,212,19,,,0
14019,'1489929',925,,213,19,,,0
14019,'1489930',1005,,214,19,,,0
14019,'1489931',1045,,215,19,,,0
14019,'1489932',1125,,216,19,,,0
14019,'1489933',1205,,217,19,,,0
14019,'1489934',1245,,218,19,,,0
14019,'1489935',1325,,219,19,,,0
14019,'1489936',1405,,220,19,,,0
14019,'1489937',1445,,221,19,,,0
14019,'1489938',1525,,222,19,,,0
14019,'1489939',1605,,223,19,,,0
14019,'1489940',1645,,224,19,,,0
14019,'1489941',1725,,225,19,,,0
14019,'1489942',1805,,226,19,,,0
14019,'1489943',1845,,227,19,,,0
14019,'1489944',1925,,228,19,,,0
14019,'1489945',2005,,229,19,,,0
14019,'1489946',2045,,230,19,,,0
14019,'1489947',2125,,231,19,,,0
14019,'1489948',2205,,232,19,,,0
14019,'1489949',805,,233,19,,,0
14019,'1489950',845,,234,19,,,0
14019,'1489951',925,,235,19,,,0
14019,'1489952',1005,,236,19,,,0
14019,'1489953',1045,,237,19,,,0
14019,'1489954',1125,,238,19,,,0
14019,'1489955',1205,,239,19,,,0
14019,'1489956',1245,,240,19,,,0
14019,'1489957',1325,,241,19,,,0
14019,'1489958',1405,,242,19,,,0
14019,'1489959',1445,,243,19,,,0
14019,'1489960',1525,,244,19,,,0
14019,'1489961',1605,,245,19,,,0
14019,'1489962',1645,,246,19,,,0
14019,'1489963',1725,,247,19,,,0
14019,'1489964',1805,,248,19,,,0
14019,'1489965',1845,,249,19,,,0
14019,'1489966',1925,,250,19,,,0
14019,'1489967',2005,,251,19,,,0
14019,'1489968',2045,,252,19,,,0
14019,'1489969',2125,,253,19,,,0
14019,'1489970',2205,,254,19,,,0
