901019,'1489082',825,,456,32,0,16 17,0
901019,'1489083',945,,457,32,0,16 17,0
901019,'1489084',1105,,458,32,0,16 17,0
901019,'1489085',1225,,459,32,0,16 17,0
901019,'1489086',1345,,460,32,0,16 17,0
901019,'1489087',1505,,461,32,0,16 17,0
901019,'1489088',1625,,462,32,0,16 17,0
901019,'1489089',1745,,463,32,0,16 17,0
901019,'1489090',1905,,464,32,0,16 17,0
901019,'1489091',2025,,465,32,0,16 17,0
901019,'1489092',2145,,466,32,0,16 17,0
901019,'1492528',705,,482,32,0,14 15,0
901019,'1492529',805,,483,32,0,14 15,0
901019,'1492530',905,,484,32,0,14 15,0
901019,'1492531',1005,,485,32,0,14 15,0
901019,'1492532',1105,,486,32,0,14 15,0
901019,'1492533',1205,,487,32,0,14 15,0
901019,'1492534',1305,,488,32,0,14 15,0
901019,'1492535',1405,,489,32,0,14 15,0
901019,'1492536',1505,,490,32,0,14 15,0
901019,'1492537',1605,,491,32,0,14 15,0
901019,'1492538',1705,,492,32,0,14 15,0
901019,'1492539',1805,,493,32,0,14 15,0
901019,'1492540',1905,,494,32,0,16 17,0
901019,'1492541',2025,,495,32,0,16 17,0
901019,'1492542',2145,,496,32,0,16 17,0
902019,'1488257',1825,,500,32,0,6,0
902019,'1489896',725,,503,32,0,14 15,0
902019,'1489897',825,,504,32,0,14 15,0
902019,'1489898',925,,505,32,0,14 15,0
902019,'1489899',1025,,506,32,0,14 15,0
902019,'1489900',1125,,507,32,0,14 15,0
902019,'1489901',1225,,508,32,0,14 15,0
902019,'1489902',1325,,509,32,0,14 15,0
902019,'1489903',1425,,510,32,0,14 15,0
902019,'1489904',1525,,511,32,0,14 15,0
902019,'1489905',1625,,512,32,0,14 15,0
902019,'1489906',1725,,513,32,0,14 15,0
902019,'1492543',1945,,514,58,0,16 17,0
902019,'1492544',2105,,515,58,0,16 17,0
902019,'1492545',2225,,516,58,0,16 17,0
902019,'1492546',905,,517,58,0,16 17,0
902019,'1492547',1025,,518,58,0,16 17,0
902019,'1492548',1145,,519,58,0,16 17,0
902019,'1492549',1305,,520,58,0,16 17,0
902019,'1492550',1425,,521,58,0,16 17,0
902019,'1492551',1545,,522,58,0,16 17,0
902019,'1492552',1705,,523,58,0,16 17,0
902019,'1492553',1825,,524,58,0,16 17,0
902019,'1492554',1945,,525,58,0,16 17,0
902019,'1492555',2105,,526,58,0,16 17,0
902019,'1492556',2225,,527,58,0,16 17,0
903019,'1492557',745,,443,32,0,14 15,0
903019,'1492558',845,,444,32,0,14 15,0
903019,'1492559',945,,445,32,0,14 15,0
903019,'1492560',1045,,446,32,0,14 15,0
903019,'1492561',1145,,447,32,0,14 15,0
903019,'1492562',1245,,448,32,0,14 15,0
903019,'1492563',1345,,449,32,0,14 15,0
903019,'1492564',1445,,450,32,0,14 15,0
903019,'1492565',1545,,451,32,0,14 15,0
903019,'1492566',1645,,452,32,0,14 15,0
903019,'1492567',1745,,453,32,0,14 15,0
