7019,'1489971',705,,113,29,0,7,0
7019,'1489972',745,,114,29,0,7,0
7019,'1489973',825,,115,29,0,7,0
7019,'1489974',905,,116,29,0,7,0
7019,'1489975',945,,117,29,0,7,0
7019,'1489976',1025,,118,29,0,7,0
7019,'1489983',1505,,119,29,0,7,0
7019,'1489984',1545,,120,29,0,7,0
7019,'1489985',1625,,121,29,0,7,0
7019,'1489986',1705,,122,29,0,7,0
7019,'1489987',1745,,123,29,0,7,0
7019,'1489988',1825,,124,29,0,7,0
7019,'1489995',825,,125,29,0,7,0
7019,'1489996',905,,126,29,0,7,0
7019,'1489997',945,,127,29,0,7,0
7019,'1489998',1025,,128,29,0,7,0
7019,'1489999',1105,,129,29,0,7,0
7019,'1490000',1145,,130,29,0,7,0
7019,'1490001',1225,,131,29,0,7,0
7019,'1490002',1305,,132,29,0,7,0
7019,'1490003',1345,,133,29,0,7,0
7019,'1490004',1425,,134,29,0,7,0
7019,'1490005',1505,,135,29,0,7,0
7019,'1490006',1545,,136,29,0,7,0
7019,'1490007',1625,,137,29,0,7,0
7019,'1490008',1705,,138,29,0,7,0
7019,'1490009',1745,,139,29,0,7,0
7019,'1490010',1825,,140,29,0,7,0
7019,'1492401',1305,,141,29,0,7,0
7019,'1492402',1345,,142,29,0,7,0
7019,'1492403',1425,,143,29,0,7,0
7019,'1492404',1705,,144,29,0,7,0
7019,'1492405',1745,,145,29,0,7,0
7019,'1492406',1825,,146,29,0,7,0
7019,'1492407',1305,,147,29,0,7,0
7019,'1492408',1345,,148,29,0,7,0
7019,'1492409',1425,,149,29,0,7,0
7019,'1492456',1105,,150,29,0,7,0
7019,'1492457',1145,,151,29,0,7,0
7019,'1492458',1225,,152,29,0,7,0
7019,'1492459',1505,,153,29,0,7,0
7019,'1492460',1545,,154,29,0,7,0
7019,'1492461',1625,,155,29,0,7,0
7019,'1492462',1105,,156,29,0,7,0
7019,'1492463',1145,,157,29,0,7,0
7019,'1492464',1225,,158,29,0,7,0
