15019,'1484063',636,,257,11,,,0
15019,'1484064',736,,258,11,,,0
15019,'1484065',836,,259,11,,,0
15019,'1484066',936,,260,11,,,0
15019,'1484067',1036,,261,11,,,0
15019,'1484068',1136,,262,11,,,0
15019,'1484069',1236,,263,11,,,0
15019,'1484070',1336,,264,11,,,0
15019,'1484071',1436,,265,11,,,0
15019,'1484072',1536,,266,11,,,0
15019,'1484073',1636,,267,11,,,0
15019,'1484074',1736,,268,11,,,0
15019,'1489344',1836,,269,11,,,0
15019,'1489345',1936,,270,11,,,0
15019,'1489346',2036,,271,11,,,0
15019,'1489347',2136,,272,11,,,0
15019,'1489348',836,,273,11,,,0
15019,'1489349',936,,274,11,,,0
15019,'1489350',1036,,275,11,,,0
15019,'1489351',1136,,276,11,,,0
15019,'1489352',1236,,277,11,,,0
15019,'1489353',1336,,278,11,,,0
15019,'1489354',1436,,279,11,,,0
15019,'1489355',1536,,280,11,,,0
15019,'1489356',1636,,281,11,,,0
15019,'1489357',1736,,282,11,,,0
15019,'1489358',1836,,283,11,,,0
15019,'1489359',1936,,284,11,,,0
15019,'1489360',2036,,285,11,,,0
15019,'1489361',2136,,286,11,,,0
