14019,'1489925',631,,209,5,,,0
14019,'1489926',711,,210,5,,,0
14019,'1489927',751,,211,5,,,0
14019,'1489928',831,,212,5,,,0
14019,'1489929',911,,213,5,,,0
14019,'1489930',951,,214,5,,,0
14019,'1489931',1031,,215,5,,,0
14019,'1489932',1111,,216,5,,,0
14019,'1489933',1151,,217,5,,,0
14019,'1489934',1231,,218,5,,,0
14019,'1489935',1311,,219,5,,,0
14019,'1489936',1351,,220,5,,,0
14019,'1489937',1431,,221,5,,,0
14019,'1489938',1511,,222,5,,,0
14019,'1489939',1551,,223,5,,,0
14019,'1489940',1631,,224,5,,,0
14019,'1489941',1711,,225,5,,,0
14019,'1489942',1751,,226,5,,,0
14019,'1489943',1831,,227,5,,,0
14019,'1489944',1911,,228,5,,,0
14019,'1489945',1951,,229,5,,,0
14019,'1489946',2031,,230,5,,,0
14019,'1489947',2111,,231,5,,,0
14019,'1489948',2151,,232,5,,,0
14019,'1489949',751,,233,5,,,0
14019,'1489950',831,,234,5,,,0
14019,'1489951',911,,235,5,,,0
14019,'1489952',951,,236,5,,,0
14019,'1489953',1031,,237,5,,,0
14019,'1489954',1111,,238,5,,,0
14019,'1489955',1151,,239,5,,,0
14019,'1489956',1231,,240,5,,,0
14019,'1489957',1311,,241,5,,,0
14019,'1489958',1351,,242,5,,,0
14019,'1489959',1431,,243,5,,,0
14019,'1489960',1511,,244,5,,,0
14019,'1489961',1551,,245,5,,,0
14019,'1489962',1631,,246,5,,,0
14019,'1489963',1711,,247,5,,,0
14019,'1489964',1751,,248,5,,,0
14019,'1489965',1831,,249,5,,,0
14019,'1489966',1911,,250,5,,,0
14019,'1489967',1951,,251,5,,,0
14019,'1489968',2031,,252,5,,,0
14019,'1489969',2111,,253,5,,,0
14019,'1489970',2151,,254,5,,,0
