15019,'1480582',623,,255,4,0,6,0
15019,'1480583',823,,256,4,0,6,0
66019,'1489865',820,,412,14,,,0
66019,'1489866',850,,413,14,,,0
66019,'1489867',920,,414,14,,,0
66019,'1489868',950,,415,14,,,0
66019,'1489869',1020,,416,14,,,0
66019,'1489870',1050,,417,14,,,0
66019,'1489871',1120,,418,14,,,0
66019,'1489872',1150,,419,14,,,0
66019,'1489873',1220,,420,14,,,0
66019,'1489874',1250,,421,14,,,0
66019,'1489875',1320,,422,14,,,0
66019,'1489876',1350,,423,14,,,0
66019,'1489877',1420,,424,14,,,0
66019,'1489878',1450,,425,14,,,0
66019,'1489879',1520,,426,14,,,0
66019,'1489880',1550,,427,14,,,0
66019,'1489881',1620,,428,14,,,0
66019,'1489882',1650,,429,14,,,0
66019,'1489883',1720,,430,14,,,0
