2019,'1486350',654,,45,28,,,0
2019,'1486351',734,,46,28,,,0
2019,'1486352',814,,47,28,,,0
2019,'1486353',854,,48,28,,,0
2019,'1486354',934,,49,28,,,0
2019,'1486355',1014,,50,28,,,0
2019,'1486356',1054,,51,28,,,0
2019,'1486357',1134,,52,28,,,0
2019,'1486358',1214,,53,28,,,0
2019,'1486359',1254,,54,28,,,0
2019,'1486360',1334,,55,28,,,0
2019,'1486361',1414,,56,28,,,0
2019,'1486362',1454,,57,28,,,0
2019,'1486363',1534,,58,28,,,0
2019,'1486364',1614,,59,28,,,0
2019,'1486365',1654,,60,28,,,0
2019,'1486366',1734,,61,28,,,0
2019,'1486958',1814,,62,28,,,0
