12019,'1490514',720,,172,12,0,12 13,0
12019,'1490515',820,,173,12,0,12 13,0
12019,'1490516',920,,174,12,0,12 13,0
12019,'1490517',1020,,175,12,0,12 13,0
12019,'1490533',1520,,176,12,0,12 13,0
12019,'1490534',1620,,177,12,0,12 13,0
12019,'1490535',1720,,178,12,0,12 13,0
12019,'1490536',1820,,179,12,0,12 13,0
12019,'1492410',1120,,180,12,0,12 13,0
12019,'1492411',1220,,181,12,0,12 13,0
12019,'1492465',1320,,182,12,0,12 13,0
12019,'1492466',1420,,183,12,0,12 13,0
12019,'1492505',720,,184,12,0,12 13,0
12019,'1492506',820,,185,12,0,12 13,0
12019,'1492507',1120,,186,12,0,12 13,0
12019,'1492508',1220,,187,12,0,12 13,0
12019,'1492509',1520,,188,12,0,12 13,0
12019,'1492510',1620,,189,12,0,12 13,0
12019,'1492511',820,,190,12,0,12 13,0
12019,'1492512',1120,,191,12,0,12 13,0
12019,'1492513',1220,,192,12,0,12 13,0
12019,'1492514',1520,,193,12,0,12 13,0
12019,'1492515',1620,,194,12,0,12 13,0
12019,'1492516',920,,195,12,0,12 13,0
12019,'1492517',1020,,196,12,0,12 13,0
12019,'1492518',1320,,197,12,0,12 13,0
12019,'1492519',1420,,198,12,0,12 13,0
12019,'1492520',1720,,199,12,0,12 13,0
12019,'1492521',1820,,200,12,0,12 13,0
12019,'1492522',920,,201,12,0,12 13,0
12019,'1492523',1020,,202,12,0,12 13,0
12019,'1492524',1320,,203,12,0,12 13,0
12019,'1492525',1420,,204,12,0,12 13,0
12019,'1492526',1720,,205,12,0,12 13,0
12019,'1492527',1820,,206,12,0,12 13,0
