7019,'1489971',711,,113,34,0,7,0
7019,'1489972',751,,114,34,0,7,0
7019,'1489973',831,,115,34,0,7,0
7019,'1489974',911,,116,34,0,7,0
7019,'1489975',951,,117,34,0,7,0
7019,'1489976',1031,,118,34,0,7,0
7019,'1489983',1511,,119,34,0,7,0
7019,'1489984',1551,,120,34,0,7,0
7019,'1489985',1631,,121,34,0,7,0
7019,'1489986',1711,,122,34,0,7,0
7019,'1489987',1751,,123,34,0,7,0
7019,'1489988',1831,,124,34,0,7,0
7019,'1489995',831,,125,34,0,7,0
7019,'1489996',911,,126,34,0,7,0
7019,'1489997',951,,127,34,0,7,0
7019,'1489998',1031,,128,34,0,7,0
7019,'1489999',1111,,129,34,0,7,0
7019,'1490000',1151,,130,34,0,7,0
7019,'1490001',1231,,131,34,0,7,0
7019,'1490002',1311,,132,34,0,7,0
7019,'1490003',1351,,133,34,0,7,0
7019,'1490004',1431,,134,34,0,7,0
7019,'1490005',1511,,135,34,0,7,0
7019,'1490006',1551,,136,34,0,7,0
7019,'1490007',1631,,137,34,0,7,0
7019,'1490008',1711,,138,34,0,7,0
7019,'1490009',1751,,139,34,0,7,0
7019,'1490010',1831,,140,34,0,7,0
7019,'1492401',1311,,141,34,0,7,0
7019,'1492402',1351,,142,34,0,7,0
7019,'1492403',1431,,143,34,0,7,0
7019,'1492404',1711,,144,34,0,7,0
7019,'1492405',1751,,145,34,0,7,0
7019,'1492406',1831,,146,34,0,7,0
7019,'1492407',1311,,147,34,0,7,0
7019,'1492408',1351,,148,34,0,7,0
7019,'1492409',1431,,149,34,0,7,0
7019,'1492456',1111,,150,34,0,7,0
7019,'1492457',1151,,151,34,0,7,0
7019,'1492458',1231,,152,34,0,7,0
7019,'1492459',1511,,153,34,0,7,0
7019,'1492460',1551,,154,34,0,7,0
7019,'1492461',1631,,155,34,0,7,0
7019,'1492462',1111,,156,34,0,7,0
7019,'1492463',1151,,157,34,0,7,0
7019,'1492464',1231,,158,34,0,7,0
