901019,'1489082',754,,456,5,,,0
901019,'1489083',914,,457,5,,,0
901019,'1489084',1034,,458,5,,,0
901019,'1489085',1154,,459,5,,,0
901019,'1489086',1314,,460,5,,,0
901019,'1489087',1434,,461,5,,,0
901019,'1489088',1554,,462,5,,,0
901019,'1489089',1714,,463,5,,,0
901019,'1489090',1834,,464,5,,,0
901019,'1489091',1954,,465,5,,,0
901019,'1489092',2114,,466,5,,,0
901019,'1492528',634,,482,5,,,0
901019,'1492529',734,,483,5,,,0
901019,'1492530',834,,484,5,,,0
901019,'1492531',934,,485,5,,,0
901019,'1492532',1034,,486,5,,,0
901019,'1492533',1134,,487,5,,,0
901019,'1492534',1234,,488,5,,,0
901019,'1492535',1334,,489,5,,,0
901019,'1492536',1434,,490,5,,,0
901019,'1492537',1534,,491,5,,,0
901019,'1492538',1634,,492,5,,,0
901019,'1492539',1734,,493,5,,,0
901019,'1492540',1834,,494,5,,,0
901019,'1492541',1954,,495,5,,,0
901019,'1492542',2114,,496,5,,,0
902019,'1488257',1754,,500,5,,,0
902019,'1489896',654,,503,5,,,0
902019,'1489897',754,,504,5,,,0
902019,'1489898',854,,505,5,,,0
902019,'1489899',954,,506,5,,,0
902019,'1489900',1054,,507,5,,,0
902019,'1489901',1154,,508,5,,,0
902019,'1489902',1254,,509,5,,,0
902019,'1489903',1354,,510,5,,,0
902019,'1489904',1454,,511,5,,,0
902019,'1489905',1554,,512,5,,,0
902019,'1489906',1654,,513,5,,,0
902019,'1492543',1914,,514,31,,,0
902019,'1492544',2034,,515,31,,,0
902019,'1492545',2154,,516,31,,,0
902019,'1492546',834,,517,31,,,0
902019,'1492547',954,,518,31,,,0
902019,'1492548',1114,,519,31,,,0
902019,'1492549',1234,,520,31,,,0
902019,'1492550',1354,,521,31,,,0
902019,'1492551',1514,,522,31,,,0
902019,'1492552',1634,,523,31,,,0
902019,'1492553',1754,,524,31,,,0
902019,'1492554',1914,,525,31,,,0
902019,'1492555',2034,,526,31,,,0
902019,'1492556',2154,,527,31,,,0
