1019,'1485865',637,,26,5,0,11,0
1019,'1485866',717,,27,5,0,11,0
1019,'1485867',757,,28,5,0,11,0
1019,'1485868',837,,29,5,0,11,0
1019,'1485869',917,,30,5,0,11,0
1019,'1485870',957,,31,5,0,11,0
1019,'1485871',1037,,32,5,0,11,0
1019,'1485872',1117,,33,5,0,11,0
1019,'1485873',1157,,34,5,0,11,0
1019,'1485874',1237,,35,5,0,11,0
1019,'1485875',1317,,36,5,0,11,0
1019,'1485876',1357,,37,5,0,11,0
1019,'1485877',1437,,38,5,0,11,0
1019,'1485878',1517,,39,5,0,11,0
1019,'1485879',1557,,40,5,0,11,0
1019,'1485880',1637,,41,5,0,11,0
1019,'1485881',1717,,42,5,0,11,0
1019,'1485882',1757,,43,5,0,11,0
2019,'1486350',655,,45,29,,,0
2019,'1486351',735,,46,29,,,0
2019,'1486352',815,,47,29,,,0
2019,'1486353',855,,48,29,,,0
2019,'1486354',935,,49,29,,,0
2019,'1486355',1015,,50,29,,,0
2019,'1486356',1055,,51,29,,,0
2019,'1486357',1135,,52,29,,,0
2019,'1486358',1215,,53,29,,,0
2019,'1486359',1255,,54,29,,,0
2019,'1486360',1335,,55,29,,,0
2019,'1486361',1415,,56,29,,,0
2019,'1486362',1455,,57,29,,,0
2019,'1486363',1535,,58,29,,,0
2019,'1486364',1615,,59,29,,,0
2019,'1486365',1655,,60,29,,,0
2019,'1486366',1735,,61,29,,,0
2019,'1486958',1815,,62,29,,,0
