7019,'1489971',648,,113,13,0,7,0
7019,'1489972',728,,114,13,0,7,0
7019,'1489973',808,,115,13,0,7,0
7019,'1489974',848,,116,13,0,7,0
7019,'1489975',928,,117,13,0,7,0
7019,'1489976',1008,,118,13,0,7,0
7019,'1489983',1448,,119,13,0,7,0
7019,'1489984',1528,,120,13,0,7,0
7019,'1489985',1608,,121,13,0,7,0
7019,'1489986',1648,,122,13,0,7,0
7019,'1489987',1728,,123,13,0,7,0
7019,'1489988',1808,,124,13,0,7,0
7019,'1489995',808,,125,13,0,7,0
7019,'1489996',848,,126,13,0,7,0
7019,'1489997',928,,127,13,0,7,0
7019,'1489998',1008,,128,13,0,7,0
7019,'1489999',1048,,129,13,0,7,0
7019,'1490000',1128,,130,13,0,7,0
7019,'1490001',1208,,131,13,0,7,0
7019,'1490002',1248,,132,13,0,7,0
7019,'1490003',1328,,133,13,0,7,0
7019,'1490004',1408,,134,13,0,7,0
7019,'1490005',1448,,135,13,0,7,0
7019,'1490006',1528,,136,13,0,7,0
7019,'1490007',1608,,137,13,0,7,0
7019,'1490008',1648,,138,13,0,7,0
7019,'1490009',1728,,139,13,0,7,0
7019,'1490010',1808,,140,13,0,7,0
7019,'1492401',1248,,141,13,0,7,0
7019,'1492402',1328,,142,13,0,7,0
7019,'1492403',1408,,143,13,0,7,0
7019,'1492404',1648,,144,13,0,7,0
7019,'1492405',1728,,145,13,0,7,0
7019,'1492406',1808,,146,13,0,7,0
7019,'1492407',1248,,147,13,0,7,0
7019,'1492408',1328,,148,13,0,7,0
7019,'1492409',1408,,149,13,0,7,0
7019,'1492456',1048,,150,13,0,7,0
7019,'1492457',1128,,151,13,0,7,0
7019,'1492458',1208,,152,13,0,7,0
7019,'1492459',1448,,153,13,0,7,0
7019,'1492460',1528,,154,13,0,7,0
7019,'1492461',1608,,155,13,0,7,0
7019,'1492462',1048,,156,13,0,7,0
7019,'1492463',1128,,157,13,0,7,0
7019,'1492464',1208,,158,13,0,7,0
