1019,'1485865',640,,26,9,0,11,0
1019,'1485866',720,,27,9,0,11,0
1019,'1485867',800,,28,9,0,11,0
1019,'1485868',840,,29,9,0,11,0
1019,'1485869',920,,30,9,0,11,0
1019,'1485870',1000,,31,9,0,11,0
1019,'1485871',1040,,32,9,0,11,0
1019,'1485872',1120,,33,9,0,11,0
1019,'1485873',1200,,34,9,0,11,0
1019,'1485874',1240,,35,9,0,11,0
1019,'1485875',1320,,36,9,0,11,0
1019,'1485876',1400,,37,9,0,11,0
1019,'1485877',1440,,38,9,0,11,0
1019,'1485878',1520,,39,9,0,11,0
1019,'1485879',1600,,40,9,0,11,0
1019,'1485880',1640,,41,9,0,11,0
1019,'1485881',1720,,42,9,0,11,0
1019,'1485882',1800,,43,9,0,11,0
10019,'1480547',639,,159,4,,,0
10019,'1480551',1519,,160,4,,,0
10019,'1483448',639,,161,4,,,0
10019,'1483449',1519,,162,4,,,0
