2019,'1486350',634,,45,8,,,0
2019,'1486351',714,,46,8,,,0
2019,'1486352',754,,47,8,,,0
2019,'1486353',834,,48,8,,,0
2019,'1486354',914,,49,8,,,0
2019,'1486355',954,,50,8,,,0
2019,'1486356',1034,,51,8,,,0
2019,'1486357',1114,,52,8,,,0
2019,'1486358',1154,,53,8,,,0
2019,'1486359',1234,,54,8,,,0
2019,'1486360',1314,,55,8,,,0
2019,'1486361',1354,,56,8,,,0
2019,'1486362',1434,,57,8,,,0
2019,'1486363',1514,,58,8,,,0
2019,'1486364',1554,,59,8,,,0
2019,'1486365',1634,,60,8,,,0
2019,'1486366',1714,,61,8,,,0
2019,'1486958',1754,,62,8,,,0
