14019,'1489925',703,,209,31,,,0
14019,'1489926',743,,210,31,,,0
14019,'1489927',823,,211,31,,,0
14019,'1489928',903,,212,31,,,0
14019,'1489929',943,,213,31,,,0
14019,'1489930',1023,,214,31,,,0
14019,'1489931',1103,,215,31,,,0
14019,'1489932',1143,,216,31,,,0
14019,'1489933',1223,,217,31,,,0
14019,'1489934',1303,,218,31,,,0
14019,'1489935',1343,,219,31,,,0
14019,'1489936',1423,,220,31,,,0
14019,'1489937',1503,,221,31,,,0
14019,'1489938',1543,,222,31,,,0
14019,'1489939',1623,,223,31,,,0
14019,'1489940',1703,,224,31,,,0
14019,'1489941',1743,,225,31,,,0
14019,'1489942',1823,,226,31,,,0
14019,'1489943',1903,,227,31,,,0
14019,'1489944',1943,,228,31,,,0
14019,'1489945',2023,,229,31,,,0
14019,'1489946',2103,,230,31,,,0
14019,'1489947',2143,,231,31,,,0
14019,'1489948',2223,,232,31,,,0
14019,'1489949',823,,233,31,,,0
14019,'1489950',903,,234,31,,,0
14019,'1489951',943,,235,31,,,0
14019,'1489952',1023,,236,31,,,0
14019,'1489953',1103,,237,31,,,0
14019,'1489954',1143,,238,31,,,0
14019,'1489955',1223,,239,31,,,0
14019,'1489956',1303,,240,31,,,0
14019,'1489957',1343,,241,31,,,0
14019,'1489958',1423,,242,31,,,0
14019,'1489959',1503,,243,31,,,0
14019,'1489960',1543,,244,31,,,0
14019,'1489961',1623,,245,31,,,0
14019,'1489962',1703,,246,31,,,0
14019,'1489963',1743,,247,31,,,0
14019,'1489964',1823,,248,31,,,0
14019,'1489965',1903,,249,31,,,0
14019,'1489966',1943,,250,31,,,0
14019,'1489967',2023,,251,31,,,0
14019,'1489968',2103,,252,31,,,0
14019,'1489969',2143,,253,31,,,0
14019,'1489970',2223,,254,31,,,0
