901019,'1489082',815,,456,23,0,6,0
901019,'1489083',935,,457,23,0,6,0
901019,'1489084',1055,,458,23,0,6,0
901019,'1489085',1215,,459,23,0,6,0
901019,'1489086',1335,,460,23,0,6,0
901019,'1489087',1455,,461,23,0,6,0
901019,'1489088',1615,,462,23,0,6,0
901019,'1489089',1735,,463,23,0,6,0
901019,'1489090',1855,,464,23,0,6,0
901019,'1489091',2015,,465,23,0,6,0
901019,'1489092',2135,,466,23,0,6,0
901019,'1492528',655,,482,23,0,6,0
901019,'1492529',755,,483,23,0,6,0
901019,'1492530',855,,484,23,0,6,0
901019,'1492531',955,,485,23,0,6,0
901019,'1492532',1055,,486,23,0,6,0
901019,'1492533',1155,,487,23,0,6,0
901019,'1492534',1255,,488,23,0,6,0
901019,'1492535',1355,,489,23,0,6,0
901019,'1492536',1455,,490,23,0,6,0
901019,'1492537',1555,,491,23,0,6,0
901019,'1492538',1655,,492,23,0,6,0
901019,'1492539',1755,,493,23,0,6,0
901019,'1492540',1855,,494,23,0,6,0
901019,'1492541',2015,,495,23,0,6,0
901019,'1492542',2135,,496,23,0,6,0
902019,'1488257',1815,,500,23,0,6,0
902019,'1489896',715,,503,23,0,6,0
902019,'1489897',815,,504,23,0,6,0
902019,'1489898',915,,505,23,0,6,0
902019,'1489899',1015,,506,23,0,6,0
902019,'1489900',1115,,507,23,0,6,0
902019,'1489901',1215,,508,23,0,6,0
902019,'1489902',1315,,509,23,0,6,0
902019,'1489903',1415,,510,23,0,6,0
902019,'1489904',1515,,511,23,0,6,0
902019,'1489905',1615,,512,23,0,6,0
902019,'1489906',1715,,513,23,0,6,0
902019,'1492543',1935,,514,49,0,6,0
902019,'1492544',2055,,515,49,0,6,0
902019,'1492545',2215,,516,49,0,6,0
902019,'1492546',855,,517,49,0,6,0
902019,'1492547',1015,,518,49,0,6,0
902019,'1492548',1135,,519,49,0,6,0
902019,'1492549',1255,,520,49,0,6,0
902019,'1492550',1415,,521,49,0,6,0
902019,'1492551',1535,,522,49,0,6,0
902019,'1492552',1655,,523,49,0,6,0
902019,'1492553',1815,,524,49,0,6,0
902019,'1492554',1935,,525,49,0,6,0
902019,'1492555',2055,,526,49,0,6,0
902019,'1492556',2215,,527,49,0,6,0
903019,'1492557',735,,443,23,,,0
903019,'1492558',835,,444,23,,,0
903019,'1492559',935,,445,23,,,0
903019,'1492560',1035,,446,23,,,0
903019,'1492561',1135,,447,23,,,0
903019,'1492562',1235,,448,23,,,0
903019,'1492563',1335,,449,23,,,0
903019,'1492564',1435,,450,23,,,0
903019,'1492565',1535,,451,23,,,0
903019,'1492566',1635,,452,23,,,0
903019,'1492567',1735,,453,23,,,0
