2019,'1486350',638,,45,12,,,0
2019,'1486351',718,,46,12,,,0
2019,'1486352',758,,47,12,,,0
2019,'1486353',838,,48,12,,,0
2019,'1486354',918,,49,12,,,0
2019,'1486355',958,,50,12,,,0
2019,'1486356',1038,,51,12,,,0
2019,'1486357',1118,,52,12,,,0
2019,'1486358',1158,,53,12,,,0
2019,'1486359',1238,,54,12,,,0
2019,'1486360',1318,,55,12,,,0
2019,'1486361',1358,,56,12,,,0
2019,'1486362',1438,,57,12,,,0
2019,'1486363',1518,,58,12,,,0
2019,'1486364',1558,,59,12,,,0
2019,'1486365',1638,,60,12,,,0
2019,'1486366',1718,,61,12,,,0
2019,'1486958',1758,,62,12,,,0
