1019,'1482680',802,,3,10,0,18,0
1019,'1482681',842,,4,10,0,18,0
1019,'1482682',922,,5,10,0,18,0
1019,'1482683',1002,,6,10,0,18,0
1019,'1482684',1042,,7,10,0,18,0
1019,'1482685',1122,,8,10,0,18,0
1019,'1482686',1202,,9,10,0,18,0
1019,'1482687',1242,,10,10,0,18,0
1019,'1482688',1322,,11,10,0,18,0
1019,'1482689',1402,,12,10,0,18,0
1019,'1482690',1442,,13,10,0,18,0
1019,'1482691',1522,,14,10,0,18,0
1019,'1482692',1602,,15,10,0,18,0
1019,'1482693',1642,,16,10,0,18,0
1019,'1482694',1722,,17,10,0,18,0
1019,'1482695',1802,,18,10,0,18,0
1019,'1482696',1842,,19,10,0,18,0
1019,'1482697',1922,,20,10,0,18,0
1019,'1482698',2002,,21,10,0,18,0
1019,'1482699',2042,,22,10,0,18,0
1019,'1482700',2122,,23,10,0,18,0
1019,'1482701',2202,,24,10,0,18,0
