14019,'1480854',623,,207,1,,,0
14019,'1480855',743,,208,1,,,0
14019,'1489925',635,,209,7,,,0,70,,209,32,,,0
14019,'1489926',715,,210,7,,,0,30,,210,32,,,0
14019,'1489927',755,,211,7,,,0,70,,211,32,,,0
14019,'1489928',835,,212,7,,,0,70,,212,32,,,0
14019,'1489929',915,,213,7,,,0,30,,213,32,,,0
14019,'1489930',955,,214,7,,,0,70,,214,32,,,0
14019,'1489931',1035,,215,7,,,0,70,,215,32,,,0
14019,'1489932',1115,,216,7,,,0,30,,216,32,,,0
14019,'1489933',1155,,217,7,,,0,70,,217,32,,,0
14019,'1489934',1235,,218,7,,,0,70,,218,32,,,0
14019,'1489935',1315,,219,7,,,0,30,,219,32,,,0
14019,'1489936',1355,,220,7,,,0,70,,220,32,,,0
14019,'1489937',1435,,221,7,,,0,70,,221,32,,,0
14019,'1489938',1515,,222,7,,,0,30,,222,32,,,0
14019,'1489939',1555,,223,7,,,0,70,,223,32,,,0
14019,'1489940',1635,,224,7,,,0,70,,224,32,,,0
14019,'1489941',1715,,225,7,,,0,30,,225,32,,,0
14019,'1489942',1755,,226,7,,,0,70,,226,32,,,0
14019,'1489943',1835,,227,7,,,0,70,,227,32,,,0
14019,'1489944',1915,,228,7,,,0,30,,228,32,,,0
14019,'1489945',1955,,229,7,,,0,70,,229,32,,,0
14019,'1489946',2035,,230,7,,,0,70,,230,32,,,0
14019,'1489947',2115,,231,7,,,0,30,,231,32,,,0
14019,'1489948',2155,,232,7,,,0,70,,232,32,,,0
14019,'1489949',755,,233,7,,,0,70,,233,32,,,0
14019,'1489950',835,,234,7,,,0,70,,234,32,,,0
14019,'1489951',915,,235,7,,,0,30,,235,32,,,0
14019,'1489952',955,,236,7,,,0,70,,236,32,,,0
14019,'1489953',1035,,237,7,,,0,70,,237,32,,,0
14019,'1489954',1115,,238,7,,,0,30,,238,32,,,0
14019,'1489955',1155,,239,7,,,0,70,,239,32,,,0
14019,'1489956',1235,,240,7,,,0,70,,240,32,,,0
14019,'1489957',1315,,241,7,,,0,30,,241,32,,,0
14019,'1489958',1355,,242,7,,,0,70,,242,32,,,0
14019,'1489959',1435,,243,7,,,0,70,,243,32,,,0
14019,'1489960',1515,,244,7,,,0,30,,244,32,,,0
14019,'1489961',1555,,245,7,,,0,70,,245,32,,,0
14019,'1489962',1635,,246,7,,,0,70,,246,32,,,0
14019,'1489963',1715,,247,7,,,0,30,,247,32,,,0
14019,'1489964',1755,,248,7,,,0,70,,248,32,,,0
14019,'1489965',1835,,249,7,,,0,70,,249,32,,,0
14019,'1489966',1915,,250,7,,,0,30,,250,32,,,0
14019,'1489967',1955,,251,7,,,0,70,,251,32,,,0
14019,'1489968',2035,,252,7,,,0,70,,252,32,,,0
14019,'1489969',2115,,253,7,,,0,30,,253,32,,,0
14019,'1489970',2155,,254,7,,,0,70,,254,32,,,0
