14019,'1489925',630,,209,3,,,0
14019,'1489926',710,,210,3,,,0
14019,'1489927',750,,211,3,,,0
14019,'1489928',830,,212,3,,,0
14019,'1489929',910,,213,3,,,0
14019,'1489930',950,,214,3,,,0
14019,'1489931',1030,,215,3,,,0
14019,'1489932',1110,,216,3,,,0
14019,'1489933',1150,,217,3,,,0
14019,'1489934',1230,,218,3,,,0
14019,'1489935',1310,,219,3,,,0
14019,'1489936',1350,,220,3,,,0
14019,'1489937',1430,,221,3,,,0
14019,'1489938',1510,,222,3,,,0
14019,'1489939',1550,,223,3,,,0
14019,'1489940',1630,,224,3,,,0
14019,'1489941',1710,,225,3,,,0
14019,'1489942',1750,,226,3,,,0
14019,'1489943',1830,,227,3,,,0
14019,'1489944',1910,,228,3,,,0
14019,'1489945',1950,,229,3,,,0
14019,'1489946',2030,,230,3,,,0
14019,'1489947',2110,,231,3,,,0
14019,'1489948',2150,,232,3,,,0
14019,'1489949',750,,233,3,,,0
14019,'1489950',830,,234,3,,,0
14019,'1489951',910,,235,3,,,0
14019,'1489952',950,,236,3,,,0
14019,'1489953',1030,,237,3,,,0
14019,'1489954',1110,,238,3,,,0
14019,'1489955',1150,,239,3,,,0
14019,'1489956',1230,,240,3,,,0
14019,'1489957',1310,,241,3,,,0
14019,'1489958',1350,,242,3,,,0
14019,'1489959',1430,,243,3,,,0
14019,'1489960',1510,,244,3,,,0
14019,'1489961',1550,,245,3,,,0
14019,'1489962',1630,,246,3,,,0
14019,'1489963',1710,,247,3,,,0
14019,'1489964',1750,,248,3,,,0
14019,'1489965',1830,,249,3,,,0
14019,'1489966',1910,,250,3,,,0
14019,'1489967',1950,,251,3,,,0
14019,'1489968',2030,,252,3,,,0
14019,'1489969',2110,,253,3,,,0
14019,'1489970',2150,,254,3,,,0
