4019,'1489036',641,,65,10,,,0
4019,'1489037',721,,66,10,,,0
4019,'1489038',801,,67,10,,,0
4019,'1489039',841,,68,10,,,0
4019,'1489040',921,,69,10,,,0
4019,'1489041',1001,,70,10,,,0
4019,'1489042',1041,,71,10,,,0
4019,'1489043',1121,,72,10,,,0
4019,'1489044',1201,,73,10,,,0
4019,'1489045',1241,,74,10,,,0
4019,'1489046',1321,,75,10,,,0
4019,'1489047',1401,,76,10,,,0
4019,'1489048',1441,,77,10,,,0
4019,'1489049',1521,,78,10,,,0
4019,'1489050',1601,,79,10,,,0
4019,'1489051',1641,,80,10,,,0
4019,'1489052',1721,,81,10,,,0
4019,'1489053',1801,,82,10,,,0
4019,'1489054',1841,,83,10,,,0
4019,'1489055',1921,,84,10,,,0
4019,'1489056',2001,,85,10,,,0
4019,'1489057',2041,,86,10,,,0
4019,'1489058',2121,,87,10,,,0
4019,'1489059',2201,,88,10,,,0
4019,'1489060',801,,89,10,,,0
4019,'1489061',841,,90,10,,,0
4019,'1489062',921,,91,10,,,0
4019,'1489063',1001,,92,10,,,0
4019,'1489064',1041,,93,10,,,0
4019,'1489065',1121,,94,10,,,0
4019,'1489066',1201,,95,10,,,0
4019,'1489067',1241,,96,10,,,0
4019,'1489068',1321,,97,10,,,0
4019,'1489069',1401,,98,10,,,0
4019,'1489070',1441,,99,10,,,0
4019,'1489071',1521,,100,10,,,0
4019,'1489072',1601,,101,10,,,0
4019,'1489073',1641,,102,10,,,0
4019,'1489074',1721,,103,10,,,0
4019,'1489075',1801,,104,10,,,0
4019,'1489076',1841,,105,10,,,0
4019,'1489077',1921,,106,10,,,0
4019,'1489078',2001,,107,10,,,0
4019,'1489079',2041,,108,10,,,0
4019,'1489080',2121,,109,10,,,0
4019,'1489081',2201,,110,10,,,0
