7019,'1489971',716,,113,41,0,7,0
7019,'1489972',756,,114,41,0,7,0
7019,'1489973',836,,115,41,0,7,0
7019,'1489974',916,,116,41,0,7,0
7019,'1489975',956,,117,41,0,7,0
7019,'1489976',1036,,118,41,0,7,0
7019,'1489983',1516,,119,41,0,7,0
7019,'1489984',1556,,120,41,0,7,0
7019,'1489985',1636,,121,41,0,7,0
7019,'1489986',1716,,122,41,0,7,0
7019,'1489987',1756,,123,41,0,7,0
7019,'1489988',1836,,124,41,0,7,0
7019,'1489995',836,,125,41,0,7,0
7019,'1489996',916,,126,41,0,7,0
7019,'1489997',956,,127,41,0,7,0
7019,'1489998',1036,,128,41,0,7,0
7019,'1489999',1116,,129,41,0,7,0
7019,'1490000',1156,,130,41,0,7,0
7019,'1490001',1236,,131,41,0,7,0
7019,'1490002',1316,,132,41,0,7,0
7019,'1490003',1356,,133,41,0,7,0
7019,'1490004',1436,,134,41,0,7,0
7019,'1490005',1516,,135,41,0,7,0
7019,'1490006',1556,,136,41,0,7,0
7019,'1490007',1636,,137,41,0,7,0
7019,'1490008',1716,,138,41,0,7,0
7019,'1490009',1756,,139,41,0,7,0
7019,'1490010',1836,,140,41,0,7,0
7019,'1492401',1316,,141,41,0,7,0
7019,'1492402',1356,,142,41,0,7,0
7019,'1492403',1436,,143,41,0,7,0
7019,'1492404',1716,,144,41,0,7,0
7019,'1492405',1756,,145,41,0,7,0
7019,'1492406',1836,,146,41,0,7,0
7019,'1492407',1316,,147,41,0,7,0
7019,'1492408',1356,,148,41,0,7,0
7019,'1492409',1436,,149,41,0,7,0
7019,'1492456',1116,,150,41,0,7,0
7019,'1492457',1156,,151,41,0,7,0
7019,'1492458',1236,,152,41,0,7,0
7019,'1492459',1516,,153,41,0,7,0
7019,'1492460',1556,,154,41,0,7,0
7019,'1492461',1636,,155,41,0,7,0
7019,'1492462',1116,,156,41,0,7,0
7019,'1492463',1156,,157,41,0,7,0
7019,'1492464',1236,,158,41,0,7,0
12019,'1492505',738,,184,33,0,12 13,0
12019,'1492506',838,,185,33,0,12 13,0
12019,'1492507',1138,,186,33,0,12 13,0
12019,'1492508',1238,,187,33,0,12 13,0
12019,'1492509',1538,,188,33,0,12 13,0
12019,'1492510',1638,,189,33,0,12 13,0
12019,'1492511',838,,190,33,0,12 13,0
12019,'1492512',1138,,191,33,0,12 13,0
12019,'1492513',1238,,192,33,0,12 13,0
12019,'1492514',1538,,193,33,0,12 13,0
12019,'1492515',1638,,194,33,0,12 13,0
12019,'1492516',938,,195,33,0,12 13,0
12019,'1492517',1038,,196,33,0,12 13,0
12019,'1492518',1338,,197,33,0,12 13,0
12019,'1492519',1438,,198,33,0,12 13,0
12019,'1492520',1738,,199,33,0,12 13,0
12019,'1492521',1838,,200,33,0,12 13,0
12019,'1492522',938,,201,33,0,12 13,0
12019,'1492523',1038,,202,33,0,12 13,0
12019,'1492524',1338,,203,33,0,12 13,0
12019,'1492525',1438,,204,33,0,12 13,0
12019,'1492526',1738,,205,33,0,12 13,0
12019,'1492527',1838,,206,33,0,12 13,0
