901019,'1489082',822,,456,29,0,6,0
901019,'1489083',942,,457,29,0,6,0
901019,'1489084',1102,,458,29,0,6,0
901019,'1489085',1222,,459,29,0,6,0
901019,'1489086',1342,,460,29,0,6,0
901019,'1489087',1502,,461,29,0,6,0
901019,'1489088',1622,,462,29,0,6,0
901019,'1489089',1742,,463,29,0,6,0
901019,'1489090',1902,,464,29,0,6,0
901019,'1489091',2022,,465,29,0,6,0
901019,'1489092',2142,,466,29,0,6,0
901019,'1489247',1902,,467,29,0,6,0
901019,'1489248',2022,,468,29,0,6,0
901019,'1489249',2142,,469,29,0,6,0
901019,'1489884',702,,470,29,0,6,0
901019,'1489885',802,,471,29,0,6,0
901019,'1489886',902,,472,29,0,6,0
901019,'1489887',1002,,473,29,0,6,0
901019,'1489888',1102,,474,29,0,6,0
901019,'1489889',1202,,475,29,0,6,0
901019,'1489890',1302,,476,29,0,6,0
901019,'1489891',1402,,477,29,0,6,0
901019,'1489892',1502,,478,29,0,6,0
901019,'1489893',1602,,479,29,0,6,0
901019,'1489894',1702,,480,29,0,6,0
901019,'1489895',1802,,481,29,0,6,0
901019,'1492528',702,,482,29,0,6,0
901019,'1492529',802,,483,29,0,6,0
901019,'1492530',902,,484,29,0,6,0
901019,'1492531',1002,,485,29,0,6,0
901019,'1492532',1102,,486,29,0,6,0
901019,'1492533',1202,,487,29,0,6,0
901019,'1492534',1302,,488,29,0,6,0
901019,'1492535',1402,,489,29,0,6,0
901019,'1492536',1502,,490,29,0,6,0
901019,'1492537',1602,,491,29,0,6,0
901019,'1492538',1702,,492,29,0,6,0
901019,'1492539',1802,,493,29,0,6,0
901019,'1492540',1902,,494,29,0,6,0
901019,'1492541',2022,,495,29,0,6,0
901019,'1492542',2142,,496,29,0,6,0
902019,'1488205',1942,,497,55,0,6,0
902019,'1488206',2102,,498,55,0,6,0
902019,'1488207',2222,,499,55,0,6,0
902019,'1488257',1822,,500,29,0,6,0
902019,'1489896',722,,503,29,0,6,0
902019,'1489897',822,,504,29,0,6,0
902019,'1489898',922,,505,29,0,6,0
902019,'1489899',1022,,506,29,0,6,0
902019,'1489900',1122,,507,29,0,6,0
902019,'1489901',1222,,508,29,0,6,0
902019,'1489902',1322,,509,29,0,6,0
902019,'1489903',1422,,510,29,0,6,0
902019,'1489904',1522,,511,29,0,6,0
902019,'1489905',1622,,512,29,0,6,0
902019,'1489906',1722,,513,29,0,6,0
902019,'1492543',1942,,514,55,0,6,0
902019,'1492544',2102,,515,55,0,6,0
902019,'1492545',2222,,516,55,0,6,0
902019,'1492546',902,,517,55,0,6,0
902019,'1492547',1022,,518,55,0,6,0
902019,'1492548',1142,,519,55,0,6,0
902019,'1492549',1302,,520,55,0,6,0
902019,'1492550',1422,,521,55,0,6,0
902019,'1492551',1542,,522,55,0,6,0
902019,'1492552',1702,,523,55,0,6,0
902019,'1492553',1822,,524,55,0,6,0
902019,'1492554',1942,,525,55,0,6,0
902019,'1492555',2102,,526,55,0,6,0
902019,'1492556',2222,,527,55,0,6,0
903019,'1492477',742,,432,29,,,0
903019,'1492478',842,,433,29,,,0
903019,'1492479',942,,434,29,,,0
903019,'1492480',1042,,435,29,,,0
903019,'1492481',1142,,436,29,,,0
903019,'1492482',1242,,437,29,,,0
903019,'1492483',1342,,438,29,,,0
903019,'1492484',1442,,439,29,,,0
903019,'1492485',1542,,440,29,,,0
903019,'1492486',1642,,441,29,,,0
903019,'1492487',1742,,442,29,,,0
903019,'1492557',742,,443,29,,,0
903019,'1492558',842,,444,29,,,0
903019,'1492559',942,,445,29,,,0
903019,'1492560',1042,,446,29,,,0
903019,'1492561',1142,,447,29,,,0
903019,'1492562',1242,,448,29,,,0
903019,'1492563',1342,,449,29,,,0
903019,'1492564',1442,,450,29,,,0
903019,'1492565',1542,,451,29,,,0
903019,'1492566',1642,,452,29,,,0
903019,'1492567',1742,,453,29,,,0
