12019,'1492505',728,,184,20,0,12 13,0
12019,'1492506',828,,185,20,0,12 13,0
12019,'1492507',1128,,186,20,0,12 13,0
12019,'1492508',1228,,187,20,0,12 13,0
12019,'1492509',1528,,188,20,0,12 13,0
12019,'1492510',1628,,189,20,0,12 13,0
12019,'1492511',828,,190,20,0,12 13,0
12019,'1492512',1128,,191,20,0,12 13,0
12019,'1492513',1228,,192,20,0,12 13,0
12019,'1492514',1528,,193,20,0,12 13,0
12019,'1492515',1628,,194,20,0,12 13,0
12019,'1492516',928,,195,20,0,12 13,0
12019,'1492517',1028,,196,20,0,12 13,0
12019,'1492518',1328,,197,20,0,12 13,0
12019,'1492519',1428,,198,20,0,12 13,0
12019,'1492520',1728,,199,20,0,12 13,0
12019,'1492521',1828,,200,20,0,12 13,0
12019,'1492522',928,,201,20,0,12 13,0
12019,'1492523',1028,,202,20,0,12 13,0
12019,'1492524',1328,,203,20,0,12 13,0
12019,'1492525',1428,,204,20,0,12 13,0
12019,'1492526',1728,,205,20,0,12 13,0
12019,'1492527',1828,,206,20,0,12 13,0
