4019,'1489036',639,,65,9,,,0
4019,'1489037',719,,66,9,,,0
4019,'1489038',759,,67,9,,,0
4019,'1489039',839,,68,9,,,0
4019,'1489040',919,,69,9,,,0
4019,'1489041',959,,70,9,,,0
4019,'1489042',1039,,71,9,,,0
4019,'1489043',1119,,72,9,,,0
4019,'1489044',1159,,73,9,,,0
4019,'1489045',1239,,74,9,,,0
4019,'1489046',1319,,75,9,,,0
4019,'1489047',1359,,76,9,,,0
4019,'1489048',1439,,77,9,,,0
4019,'1489049',1519,,78,9,,,0
4019,'1489050',1559,,79,9,,,0
4019,'1489051',1639,,80,9,,,0
4019,'1489052',1719,,81,9,,,0
4019,'1489053',1759,,82,9,,,0
4019,'1489054',1839,,83,9,,,0
4019,'1489055',1919,,84,9,,,0
4019,'1489056',1959,,85,9,,,0
4019,'1489057',2039,,86,9,,,0
4019,'1489058',2119,,87,9,,,0
4019,'1489059',2159,,88,9,,,0
4019,'1489060',759,,89,9,,,0
4019,'1489061',839,,90,9,,,0
4019,'1489062',919,,91,9,,,0
4019,'1489063',959,,92,9,,,0
4019,'1489064',1039,,93,9,,,0
4019,'1489065',1119,,94,9,,,0
4019,'1489066',1159,,95,9,,,0
4019,'1489067',1239,,96,9,,,0
4019,'1489068',1319,,97,9,,,0
4019,'1489069',1359,,98,9,,,0
4019,'1489070',1439,,99,9,,,0
4019,'1489071',1519,,100,9,,,0
4019,'1489072',1559,,101,9,,,0
4019,'1489073',1639,,102,9,,,0
4019,'1489074',1719,,103,9,,,0
4019,'1489075',1759,,104,9,,,0
4019,'1489076',1839,,105,9,,,0
4019,'1489077',1919,,106,9,,,0
4019,'1489078',1959,,107,9,,,0
4019,'1489079',2039,,108,9,,,0
4019,'1489080',2119,,109,9,,,0
4019,'1489081',2159,,110,9,,,0
