14019,'1489925',656,,209,21,,,0
14019,'1489926',736,,210,21,,,0
14019,'1489927',816,,211,21,,,0
14019,'1489928',856,,212,21,,,0
14019,'1489929',936,,213,21,,,0
14019,'1489930',1016,,214,21,,,0
14019,'1489931',1056,,215,21,,,0
14019,'1489932',1136,,216,21,,,0
14019,'1489933',1216,,217,21,,,0
14019,'1489934',1256,,218,21,,,0
14019,'1489935',1336,,219,21,,,0
14019,'1489936',1416,,220,21,,,0
14019,'1489937',1456,,221,21,,,0
14019,'1489938',1536,,222,21,,,0
14019,'1489939',1616,,223,21,,,0
14019,'1489940',1656,,224,21,,,0
14019,'1489941',1736,,225,21,,,0
14019,'1489942',1816,,226,21,,,0
14019,'1489943',1856,,227,21,,,0
14019,'1489944',1936,,228,21,,,0
14019,'1489945',2016,,229,21,,,0
14019,'1489946',2056,,230,21,,,0
14019,'1489947',2136,,231,21,,,0
14019,'1489948',2216,,232,21,,,0
14019,'1489949',816,,233,21,,,0
14019,'1489950',856,,234,21,,,0
14019,'1489951',936,,235,21,,,0
14019,'1489952',1016,,236,21,,,0
14019,'1489953',1056,,237,21,,,0
14019,'1489954',1136,,238,21,,,0
14019,'1489955',1216,,239,21,,,0
14019,'1489956',1256,,240,21,,,0
14019,'1489957',1336,,241,21,,,0
14019,'1489958',1416,,242,21,,,0
14019,'1489959',1456,,243,21,,,0
14019,'1489960',1536,,244,21,,,0
14019,'1489961',1616,,245,21,,,0
14019,'1489962',1656,,246,21,,,0
14019,'1489963',1736,,247,21,,,0
14019,'1489964',1816,,248,21,,,0
14019,'1489965',1856,,249,21,,,0
14019,'1489966',1936,,250,21,,,0
14019,'1489967',2016,,251,21,,,0
14019,'1489968',2056,,252,21,,,0
14019,'1489969',2136,,253,21,,,0
14019,'1489970',2216,,254,21,,,0
15019,'1484063',714,,257,48,,,0
15019,'1484064',814,,258,48,,,0
15019,'1484065',914,,259,48,,,0
15019,'1484066',1014,,260,48,,,0
15019,'1484067',1114,,261,48,,,0
15019,'1484068',1214,,262,48,,,0
15019,'1484069',1314,,263,48,,,0
15019,'1484070',1414,,264,48,,,0
15019,'1484071',1514,,265,48,,,0
15019,'1484072',1614,,266,48,,,0
15019,'1484073',1714,,267,48,,,0
15019,'1484074',1814,,268,48,,,0
15019,'1489344',1914,,269,48,,,0
15019,'1489345',2014,,270,48,,,0
15019,'1489346',2114,,271,48,,,0
15019,'1489347',2214,,272,48,,,0
15019,'1489348',914,,273,48,,,0
15019,'1489349',1014,,274,48,,,0
15019,'1489350',1114,,275,48,,,0
15019,'1489351',1214,,276,48,,,0
15019,'1489352',1314,,277,48,,,0
15019,'1489353',1414,,278,48,,,0
15019,'1489354',1514,,279,48,,,0
15019,'1489355',1614,,280,48,,,0
15019,'1489356',1714,,281,48,,,0
15019,'1489357',1814,,282,48,,,0
15019,'1489358',1914,,283,48,,,0
15019,'1489359',2014,,284,48,,,0
15019,'1489360',2114,,285,48,,,0
15019,'1489361',2214,,286,48,,,0
