93019,'1492477',714,,432,5,0,5,0
93019,'1492478',814,,433,5,0,5,0
93019,'1492479',914,,434,5,0,5,0
93019,'1492480',1014,,435,5,0,5,0
93019,'1492481',1114,,436,5,0,5,0
93019,'1492482',1214,,437,5,0,5,0
93019,'1492483',1314,,438,5,0,5,0
93019,'1492484',1414,,439,5,0,5,0
93019,'1492485',1514,,440,5,0,5,0
93019,'1492486',1614,,441,5,0,5,0
93019,'1492487',1714,,442,5,0,5,0
93019,'1492557',714,,443,5,0,5,0
93019,'1492558',814,,444,5,0,5,0
93019,'1492559',914,,445,5,0,5,0
93019,'1492560',1014,,446,5,0,5,0
93019,'1492561',1114,,447,5,0,5,0
93019,'1492562',1214,,448,5,0,5,0
93019,'1492563',1314,,449,5,0,5,0
93019,'1492564',1414,,450,5,0,5,0
93019,'1492565',1514,,451,5,0,5,0
93019,'1492566',1614,,452,5,0,5,0
93019,'1492567',1714,,453,5,0,5,0
