12019,'1490514',720,,172,13,0,12 13,0
12019,'1490515',820,,173,13,0,12 13,0
12019,'1490516',920,,174,13,0,12 13,0
12019,'1490517',1020,,175,13,0,12 13,0
12019,'1490533',1520,,176,13,0,12 13,0
12019,'1490534',1620,,177,13,0,12 13,0
12019,'1490535',1720,,178,13,0,12 13,0
12019,'1490536',1820,,179,13,0,12 13,0
12019,'1492410',1120,,180,13,0,12 13,0
12019,'1492411',1220,,181,13,0,12 13,0
12019,'1492465',1320,,182,13,0,12 13,0
12019,'1492466',1420,,183,13,0,12 13,0
12019,'1492505',720,,184,13,0,12 13,0
12019,'1492506',820,,185,13,0,12 13,0
12019,'1492507',1120,,186,13,0,12 13,0
12019,'1492508',1220,,187,13,0,12 13,0
12019,'1492509',1520,,188,13,0,12 13,0
12019,'1492510',1620,,189,13,0,12 13,0
12019,'1492511',820,,190,13,0,12 13,0
12019,'1492512',1120,,191,13,0,12 13,0
12019,'1492513',1220,,192,13,0,12 13,0
12019,'1492514',1520,,193,13,0,12 13,0
12019,'1492515',1620,,194,13,0,12 13,0
12019,'1492516',920,,195,13,0,12 13,0
12019,'1492517',1020,,196,13,0,12 13,0
12019,'1492518',1320,,197,13,0,12 13,0
12019,'1492519',1420,,198,13,0,12 13,0
12019,'1492520',1720,,199,13,0,12 13,0
12019,'1492521',1820,,200,13,0,12 13,0
12019,'1492522',920,,201,13,0,12 13,0
12019,'1492523',1020,,202,13,0,12 13,0
12019,'1492524',1320,,203,13,0,12 13,0
12019,'1492525',1420,,204,13,0,12 13,0
12019,'1492526',1720,,205,13,0,12 13,0
12019,'1492527',1820,,206,13,0,12 13,0
