7019,'1489971',713,,113,37,0,7,0
7019,'1489972',753,,114,37,0,7,0
7019,'1489973',833,,115,37,0,7,0
7019,'1489974',913,,116,37,0,7,0
7019,'1489975',953,,117,37,0,7,0
7019,'1489976',1033,,118,37,0,7,0
7019,'1489983',1513,,119,37,0,7,0
7019,'1489984',1553,,120,37,0,7,0
7019,'1489985',1633,,121,37,0,7,0
7019,'1489986',1713,,122,37,0,7,0
7019,'1489987',1753,,123,37,0,7,0
7019,'1489988',1833,,124,37,0,7,0
7019,'1489995',833,,125,37,0,7,0
7019,'1489996',913,,126,37,0,7,0
7019,'1489997',953,,127,37,0,7,0
7019,'1489998',1033,,128,37,0,7,0
7019,'1489999',1113,,129,37,0,7,0
7019,'1490000',1153,,130,37,0,7,0
7019,'1490001',1233,,131,37,0,7,0
7019,'1490002',1313,,132,37,0,7,0
7019,'1490003',1353,,133,37,0,7,0
7019,'1490004',1433,,134,37,0,7,0
7019,'1490005',1513,,135,37,0,7,0
7019,'1490006',1553,,136,37,0,7,0
7019,'1490007',1633,,137,37,0,7,0
7019,'1490008',1713,,138,37,0,7,0
7019,'1490009',1753,,139,37,0,7,0
7019,'1490010',1833,,140,37,0,7,0
7019,'1492401',1313,,141,37,0,7,0
7019,'1492402',1353,,142,37,0,7,0
7019,'1492403',1433,,143,37,0,7,0
7019,'1492404',1713,,144,37,0,7,0
7019,'1492405',1753,,145,37,0,7,0
7019,'1492406',1833,,146,37,0,7,0
7019,'1492407',1313,,147,37,0,7,0
7019,'1492408',1353,,148,37,0,7,0
7019,'1492409',1433,,149,37,0,7,0
7019,'1492456',1113,,150,37,0,7,0
7019,'1492457',1153,,151,37,0,7,0
7019,'1492458',1233,,152,37,0,7,0
7019,'1492459',1513,,153,37,0,7,0
7019,'1492460',1553,,154,37,0,7,0
7019,'1492461',1633,,155,37,0,7,0
7019,'1492462',1113,,156,37,0,7,0
7019,'1492463',1153,,157,37,0,7,0
7019,'1492464',1233,,158,37,0,7,0
