15019,'1484063',635,,257,6,,,0
15019,'1484064',735,,258,6,,,0
15019,'1484065',835,,259,6,,,0
15019,'1484066',935,,260,6,,,0
15019,'1484067',1035,,261,6,,,0
15019,'1484068',1135,,262,6,,,0
15019,'1484069',1235,,263,6,,,0
15019,'1484070',1335,,264,6,,,0
15019,'1484071',1435,,265,6,,,0
15019,'1484072',1535,,266,6,,,0
15019,'1484073',1635,,267,6,,,0
15019,'1484074',1735,,268,6,,,0
15019,'1489344',1835,,269,6,,,0
15019,'1489345',1935,,270,6,,,0
15019,'1489346',2035,,271,6,,,0
15019,'1489347',2135,,272,6,,,0
15019,'1489348',835,,273,6,,,0
15019,'1489349',935,,274,6,,,0
15019,'1489350',1035,,275,6,,,0
15019,'1489351',1135,,276,6,,,0
15019,'1489352',1235,,277,6,,,0
15019,'1489353',1335,,278,6,,,0
15019,'1489354',1435,,279,6,,,0
15019,'1489355',1535,,280,6,,,0
15019,'1489356',1635,,281,6,,,0
15019,'1489357',1735,,282,6,,,0
15019,'1489358',1835,,283,6,,,0
15019,'1489359',1935,,284,6,,,0
15019,'1489360',2035,,285,6,,,0
15019,'1489361',2135,,286,6,,,0
