15019,'1484063',702,,257,40,,,0
15019,'1484064',802,,258,40,,,0
15019,'1484065',902,,259,40,,,0
15019,'1484066',1002,,260,40,,,0
15019,'1484067',1102,,261,40,,,0
15019,'1484068',1202,,262,40,,,0
15019,'1484069',1302,,263,40,,,0
15019,'1484070',1402,,264,40,,,0
15019,'1484071',1502,,265,40,,,0
15019,'1484072',1602,,266,40,,,0
15019,'1484073',1702,,267,40,,,0
15019,'1484074',1802,,268,40,,,0
15019,'1489344',1902,,269,40,,,0
15019,'1489345',2002,,270,40,,,0
15019,'1489346',2102,,271,40,,,0
15019,'1489347',2202,,272,40,,,0
15019,'1489348',902,,273,40,,,0
15019,'1489349',1002,,274,40,,,0
15019,'1489350',1102,,275,40,,,0
15019,'1489351',1202,,276,40,,,0
15019,'1489352',1302,,277,40,,,0
15019,'1489353',1402,,278,40,,,0
15019,'1489354',1502,,279,40,,,0
15019,'1489355',1602,,280,40,,,0
15019,'1489356',1702,,281,40,,,0
15019,'1489357',1802,,282,40,,,0
15019,'1489358',1902,,283,40,,,0
15019,'1489359',2002,,284,40,,,0
15019,'1489360',2102,,285,40,,,0
15019,'1489361',2202,,286,40,,,0
