4019,'1489036',642,,65,12,,,0
4019,'1489037',722,,66,12,,,0
4019,'1489038',802,,67,12,,,0
4019,'1489039',842,,68,12,,,0
4019,'1489040',922,,69,12,,,0
4019,'1489041',1002,,70,12,,,0
4019,'1489042',1042,,71,12,,,0
4019,'1489043',1122,,72,12,,,0
4019,'1489044',1202,,73,12,,,0
4019,'1489045',1242,,74,12,,,0
4019,'1489046',1322,,75,12,,,0
4019,'1489047',1402,,76,12,,,0
4019,'1489048',1442,,77,12,,,0
4019,'1489049',1522,,78,12,,,0
4019,'1489050',1602,,79,12,,,0
4019,'1489051',1642,,80,12,,,0
4019,'1489052',1722,,81,12,,,0
4019,'1489053',1802,,82,12,,,0
4019,'1489054',1842,,83,12,,,0
4019,'1489055',1922,,84,12,,,0
4019,'1489056',2002,,85,12,,,0
4019,'1489057',2042,,86,12,,,0
4019,'1489058',2122,,87,12,,,0
4019,'1489059',2202,,88,12,,,0
4019,'1489060',802,,89,12,,,0
4019,'1489061',842,,90,12,,,0
4019,'1489062',922,,91,12,,,0
4019,'1489063',1002,,92,12,,,0
4019,'1489064',1042,,93,12,,,0
4019,'1489065',1122,,94,12,,,0
4019,'1489066',1202,,95,12,,,0
4019,'1489067',1242,,96,12,,,0
4019,'1489068',1322,,97,12,,,0
4019,'1489069',1402,,98,12,,,0
4019,'1489070',1442,,99,12,,,0
4019,'1489071',1522,,100,12,,,0
4019,'1489072',1602,,101,12,,,0
4019,'1489073',1642,,102,12,,,0
4019,'1489074',1722,,103,12,,,0
4019,'1489075',1802,,104,12,,,0
4019,'1489076',1842,,105,12,,,0
4019,'1489077',1922,,106,12,,,0
4019,'1489078',2002,,107,12,,,0
4019,'1489079',2042,,108,12,,,0
4019,'1489080',2122,,109,12,,,0
4019,'1489081',2202,,110,12,,,0
