15019,'1484063',648,,257,22,,,0
15019,'1484064',748,,258,22,,,0
15019,'1484065',848,,259,22,,,0
15019,'1484066',948,,260,22,,,0
15019,'1484067',1048,,261,22,,,0
15019,'1484068',1148,,262,22,,,0
15019,'1484069',1248,,263,22,,,0
15019,'1484070',1348,,264,22,,,0
15019,'1484071',1448,,265,22,,,0
15019,'1484072',1548,,266,22,,,0
15019,'1484073',1648,,267,22,,,0
15019,'1484074',1748,,268,22,,,0
15019,'1489344',1848,,269,22,,,0
15019,'1489345',1948,,270,22,,,0
15019,'1489346',2048,,271,22,,,0
15019,'1489347',2148,,272,22,,,0
15019,'1489348',848,,273,22,,,0
15019,'1489349',948,,274,22,,,0
15019,'1489350',1048,,275,22,,,0
15019,'1489351',1148,,276,22,,,0
15019,'1489352',1248,,277,22,,,0
15019,'1489353',1348,,278,22,,,0
15019,'1489354',1448,,279,22,,,0
15019,'1489355',1548,,280,22,,,0
15019,'1489356',1648,,281,22,,,0
15019,'1489357',1748,,282,22,,,0
15019,'1489358',1848,,283,22,,,0
15019,'1489359',1948,,284,22,,,0
15019,'1489360',2048,,285,22,,,0
15019,'1489361',2148,,286,22,,,0
