12019,'1492505',735,,184,29,0,12 13,0
12019,'1492506',835,,185,29,0,12 13,0
12019,'1492507',1135,,186,29,0,12 13,0
12019,'1492508',1235,,187,29,0,12 13,0
12019,'1492509',1535,,188,29,0,12 13,0
12019,'1492510',1635,,189,29,0,12 13,0
12019,'1492511',835,,190,29,0,12 13,0
12019,'1492512',1135,,191,29,0,12 13,0
12019,'1492513',1235,,192,29,0,12 13,0
12019,'1492514',1535,,193,29,0,12 13,0
12019,'1492515',1635,,194,29,0,12 13,0
12019,'1492516',935,,195,29,0,12 13,0
12019,'1492517',1035,,196,29,0,12 13,0
12019,'1492518',1335,,197,29,0,12 13,0
12019,'1492519',1435,,198,29,0,12 13,0
12019,'1492520',1735,,199,29,0,12 13,0
12019,'1492521',1835,,200,29,0,12 13,0
12019,'1492522',935,,201,29,0,12 13,0
12019,'1492523',1035,,202,29,0,12 13,0
12019,'1492524',1335,,203,29,0,12 13,0
12019,'1492525',1435,,204,29,0,12 13,0
12019,'1492526',1735,,205,29,0,12 13,0
12019,'1492527',1835,,206,29,0,12 13,0
