7019,'1489971',643,,113,8,0,7,0
7019,'1489972',723,,114,8,0,7,0
7019,'1489973',803,,115,8,0,7,0
7019,'1489974',843,,116,8,0,7,0
7019,'1489975',923,,117,8,0,7,0
7019,'1489976',1003,,118,8,0,7,0
7019,'1489983',1443,,119,8,0,7,0
7019,'1489984',1523,,120,8,0,7,0
7019,'1489985',1603,,121,8,0,7,0
7019,'1489986',1643,,122,8,0,7,0
7019,'1489987',1723,,123,8,0,7,0
7019,'1489988',1803,,124,8,0,7,0
7019,'1489995',803,,125,8,0,7,0
7019,'1489996',843,,126,8,0,7,0
7019,'1489997',923,,127,8,0,7,0
7019,'1489998',1003,,128,8,0,7,0
7019,'1489999',1043,,129,8,0,7,0
7019,'1490000',1123,,130,8,0,7,0
7019,'1490001',1203,,131,8,0,7,0
7019,'1490002',1243,,132,8,0,7,0
7019,'1490003',1323,,133,8,0,7,0
7019,'1490004',1403,,134,8,0,7,0
7019,'1490005',1443,,135,8,0,7,0
7019,'1490006',1523,,136,8,0,7,0
7019,'1490007',1603,,137,8,0,7,0
7019,'1490008',1643,,138,8,0,7,0
7019,'1490009',1723,,139,8,0,7,0
7019,'1490010',1803,,140,8,0,7,0
7019,'1492401',1243,,141,8,0,7,0
7019,'1492402',1323,,142,8,0,7,0
7019,'1492403',1403,,143,8,0,7,0
7019,'1492404',1643,,144,8,0,7,0
7019,'1492405',1723,,145,8,0,7,0
7019,'1492406',1803,,146,8,0,7,0
7019,'1492407',1243,,147,8,0,7,0
7019,'1492408',1323,,148,8,0,7,0
7019,'1492409',1403,,149,8,0,7,0
7019,'1492456',1043,,150,8,0,7,0
7019,'1492457',1123,,151,8,0,7,0
7019,'1492458',1203,,152,8,0,7,0
7019,'1492459',1443,,153,8,0,7,0
7019,'1492460',1523,,154,8,0,7,0
7019,'1492461',1603,,155,8,0,7,0
7019,'1492462',1043,,156,8,0,7,0
7019,'1492463',1123,,157,8,0,7,0
7019,'1492464',1203,,158,8,0,7,0
