2019,'1480619',628,,44,10,,,0
2019,'1486350',707,,45,39,,,0
2019,'1486351',747,,46,39,,,0
2019,'1486352',827,,47,39,,,0
2019,'1486353',907,,48,39,,,0
2019,'1486354',947,,49,39,,,0
2019,'1486355',1027,,50,39,,,0
2019,'1486356',1107,,51,39,,,0
2019,'1486357',1147,,52,39,,,0
2019,'1486358',1227,,53,39,,,0
2019,'1486359',1307,,54,39,,,0
2019,'1486360',1347,,55,39,,,0
2019,'1486361',1427,,56,39,,,0
2019,'1486362',1507,,57,39,,,0
2019,'1486363',1547,,58,39,,,0
2019,'1486364',1627,,59,39,,,0
2019,'1486365',1707,,60,39,,,0
2019,'1486366',1747,,61,39,,,0
2019,'1486958',1827,,62,39,,,0
