7019,'1489971',712,,113,35,0,7,0
7019,'1489972',752,,114,35,0,7,0
7019,'1489973',832,,115,35,0,7,0
7019,'1489974',912,,116,35,0,7,0
7019,'1489975',952,,117,35,0,7,0
7019,'1489976',1032,,118,35,0,7,0
7019,'1489983',1512,,119,35,0,7,0
7019,'1489984',1552,,120,35,0,7,0
7019,'1489985',1632,,121,35,0,7,0
7019,'1489986',1712,,122,35,0,7,0
7019,'1489987',1752,,123,35,0,7,0
7019,'1489988',1832,,124,35,0,7,0
7019,'1489995',832,,125,35,0,7,0
7019,'1489996',912,,126,35,0,7,0
7019,'1489997',952,,127,35,0,7,0
7019,'1489998',1032,,128,35,0,7,0
7019,'1489999',1112,,129,35,0,7,0
7019,'1490000',1152,,130,35,0,7,0
7019,'1490001',1232,,131,35,0,7,0
7019,'1490002',1312,,132,35,0,7,0
7019,'1490003',1352,,133,35,0,7,0
7019,'1490004',1432,,134,35,0,7,0
7019,'1490005',1512,,135,35,0,7,0
7019,'1490006',1552,,136,35,0,7,0
7019,'1490007',1632,,137,35,0,7,0
7019,'1490008',1712,,138,35,0,7,0
7019,'1490009',1752,,139,35,0,7,0
7019,'1490010',1832,,140,35,0,7,0
7019,'1492401',1312,,141,35,0,7,0
7019,'1492402',1352,,142,35,0,7,0
7019,'1492403',1432,,143,35,0,7,0
7019,'1492404',1712,,144,35,0,7,0
7019,'1492405',1752,,145,35,0,7,0
7019,'1492406',1832,,146,35,0,7,0
7019,'1492407',1312,,147,35,0,7,0
7019,'1492408',1352,,148,35,0,7,0
7019,'1492409',1432,,149,35,0,7,0
7019,'1492456',1112,,150,35,0,7,0
7019,'1492457',1152,,151,35,0,7,0
7019,'1492458',1232,,152,35,0,7,0
7019,'1492459',1512,,153,35,0,7,0
7019,'1492460',1552,,154,35,0,7,0
7019,'1492461',1632,,155,35,0,7,0
7019,'1492462',1112,,156,35,0,7,0
7019,'1492463',1152,,157,35,0,7,0
7019,'1492464',1232,,158,35,0,7,0
