1019,'1482680',755,,3,3,0,18,0
1019,'1482681',835,,4,3,0,18,0
1019,'1482682',915,,5,3,0,18,0
1019,'1482683',955,,6,3,0,18,0
1019,'1482684',1035,,7,3,0,18,0
1019,'1482685',1115,,8,3,0,18,0
1019,'1482686',1155,,9,3,0,18,0
1019,'1482687',1235,,10,3,0,18,0
1019,'1482688',1315,,11,3,0,18,0
1019,'1482689',1355,,12,3,0,18,0
1019,'1482690',1435,,13,3,0,18,0
1019,'1482691',1515,,14,3,0,18,0
1019,'1482692',1555,,15,3,0,18,0
1019,'1482693',1635,,16,3,0,18,0
1019,'1482694',1715,,17,3,0,18,0
1019,'1482695',1755,,18,3,0,18,0
1019,'1482696',1835,,19,3,0,18,0
1019,'1482697',1915,,20,3,0,18,0
1019,'1482698',1955,,21,3,0,18,0
1019,'1482699',2035,,22,3,0,18,0
1019,'1482700',2115,,23,3,0,18,0
1019,'1482701',2155,,24,3,0,18,0
4019,'1489036',632,,65,3,,,0
4019,'1489037',712,,66,3,,,0
4019,'1489038',752,,67,3,,,0
4019,'1489039',832,,68,3,,,0
4019,'1489040',912,,69,3,,,0
4019,'1489041',952,,70,3,,,0
4019,'1489042',1032,,71,3,,,0
4019,'1489043',1112,,72,3,,,0
4019,'1489044',1152,,73,3,,,0
4019,'1489045',1232,,74,3,,,0
4019,'1489046',1312,,75,3,,,0
4019,'1489047',1352,,76,3,,,0
4019,'1489048',1432,,77,3,,,0
4019,'1489049',1512,,78,3,,,0
4019,'1489050',1552,,79,3,,,0
4019,'1489051',1632,,80,3,,,0
4019,'1489052',1712,,81,3,,,0
4019,'1489053',1752,,82,3,,,0
4019,'1489054',1832,,83,3,,,0
4019,'1489055',1912,,84,3,,,0
4019,'1489056',1952,,85,3,,,0
4019,'1489057',2032,,86,3,,,0
4019,'1489058',2112,,87,3,,,0
4019,'1489059',2152,,88,3,,,0
4019,'1489060',752,,89,3,,,0
4019,'1489061',832,,90,3,,,0
4019,'1489062',912,,91,3,,,0
4019,'1489063',952,,92,3,,,0
4019,'1489064',1032,,93,3,,,0
4019,'1489065',1112,,94,3,,,0
4019,'1489066',1152,,95,3,,,0
4019,'1489067',1232,,96,3,,,0
4019,'1489068',1312,,97,3,,,0
4019,'1489069',1352,,98,3,,,0
4019,'1489070',1432,,99,3,,,0
4019,'1489071',1512,,100,3,,,0
4019,'1489072',1552,,101,3,,,0
4019,'1489073',1632,,102,3,,,0
4019,'1489074',1712,,103,3,,,0
4019,'1489075',1752,,104,3,,,0
4019,'1489076',1832,,105,3,,,0
4019,'1489077',1912,,106,3,,,0
4019,'1489078',1952,,107,3,,,0
4019,'1489079',2032,,108,3,,,0
4019,'1489080',2112,,109,3,,,0
4019,'1489081',2152,,110,3,,,0
