19019,'1489098',651,,308,16,,,0
19019,'1489099',731,,309,16,,,0
19019,'1489100',811,,310,16,,,0
19019,'1489101',851,,311,16,,,0
19019,'1489102',931,,312,16,,,0
19019,'1489103',1011,,313,16,,,0
19019,'1489104',1051,,314,16,,,0
19019,'1489105',1131,,315,16,,,0
19019,'1489106',1211,,316,16,,,0
19019,'1489107',1251,,317,16,,,0
19019,'1489108',1331,,318,16,,,0
19019,'1489109',1411,,319,16,,,0
19019,'1489110',1451,,320,16,,,0
19019,'1489111',1531,,321,16,,,0
19019,'1489112',1611,,322,16,,,0
19019,'1489113',1651,,323,16,,,0
19019,'1489114',1731,,324,16,,,0
19019,'1489115',1811,,325,16,,,0
19019,'1489116',711,,326,16,,,0
19019,'1489117',751,,327,16,,,0
19019,'1489118',831,,328,16,,,0
19019,'1489119',911,,329,16,,,0
19019,'1489120',951,,330,16,,,0
19019,'1489121',1031,,331,16,,,0
19019,'1489122',1111,,332,16,,,0
19019,'1489123',1151,,333,16,,,0
19019,'1489124',1231,,334,16,,,0
19019,'1489125',1311,,335,16,,,0
19019,'1489126',1351,,336,16,,,0
19019,'1489127',1431,,337,16,,,0
19019,'1489128',1511,,338,16,,,0
19019,'1489129',1551,,339,16,,,0
19019,'1489130',1631,,340,16,,,0
19019,'1489131',1711,,341,16,,,0
19019,'1489132',1751,,342,16,,,0
901019,'1489082',851,,456,48,0,16 17,0
901019,'1489083',1011,,457,48,0,16 17,0
901019,'1489084',1131,,458,48,0,16 17,0
901019,'1489085',1251,,459,48,0,16 17,0
901019,'1489086',1411,,460,48,0,16 17,0
901019,'1489087',1531,,461,48,0,16 17,0
901019,'1489088',1651,,462,48,0,16 17,0
901019,'1489089',1811,,463,48,0,16 17,0
901019,'1489090',1931,,464,48,0,16 17,0
901019,'1489091',2051,,465,48,0,16 17,0
901019,'1489092',2211,,466,48,0,16 17,0
901019,'1492540',1931,,494,48,0,16 17,0
901019,'1492541',2051,,495,48,0,16 17,0
901019,'1492542',2211,,496,48,0,16 17,0
902019,'1492543',1851,,514,16,0,16 17,0
902019,'1492544',2011,,515,16,0,16 17,0
902019,'1492545',2131,,516,16,0,16 17,0
902019,'1492546',811,,517,16,0,16 17,0
902019,'1492547',931,,518,16,0,16 17,0
902019,'1492548',1051,,519,16,0,16 17,0
902019,'1492549',1211,,520,16,0,16 17,0
902019,'1492550',1331,,521,16,0,16 17,0
902019,'1492551',1451,,522,16,0,16 17,0
902019,'1492552',1611,,523,16,0,16 17,0
902019,'1492553',1731,,524,16,0,16 17,0
902019,'1492554',1851,,525,16,0,16 17,0
902019,'1492555',2011,,526,16,0,16 17,0
902019,'1492556',2131,,527,16,0,16 17,0
