7019,'1489971',650,,113,14,0,7,0
7019,'1489972',730,,114,14,0,7,0
7019,'1489973',810,,115,14,0,7,0
7019,'1489974',850,,116,14,0,7,0
7019,'1489975',930,,117,14,0,7,0
7019,'1489976',1010,,118,14,0,7,0
7019,'1489983',1450,,119,14,0,7,0
7019,'1489984',1530,,120,14,0,7,0
7019,'1489985',1610,,121,14,0,7,0
7019,'1489986',1650,,122,14,0,7,0
7019,'1489987',1730,,123,14,0,7,0
7019,'1489988',1810,,124,14,0,7,0
7019,'1489995',810,,125,14,0,7,0
7019,'1489996',850,,126,14,0,7,0
7019,'1489997',930,,127,14,0,7,0
7019,'1489998',1010,,128,14,0,7,0
7019,'1489999',1050,,129,14,0,7,0
7019,'1490000',1130,,130,14,0,7,0
7019,'1490001',1210,,131,14,0,7,0
7019,'1490002',1250,,132,14,0,7,0
7019,'1490003',1330,,133,14,0,7,0
7019,'1490004',1410,,134,14,0,7,0
7019,'1490005',1450,,135,14,0,7,0
7019,'1490006',1530,,136,14,0,7,0
7019,'1490007',1610,,137,14,0,7,0
7019,'1490008',1650,,138,14,0,7,0
7019,'1490009',1730,,139,14,0,7,0
7019,'1490010',1810,,140,14,0,7,0
7019,'1492401',1250,,141,14,0,7,0
7019,'1492402',1330,,142,14,0,7,0
7019,'1492403',1410,,143,14,0,7,0
7019,'1492404',1650,,144,14,0,7,0
7019,'1492405',1730,,145,14,0,7,0
7019,'1492406',1810,,146,14,0,7,0
7019,'1492407',1250,,147,14,0,7,0
7019,'1492408',1330,,148,14,0,7,0
7019,'1492409',1410,,149,14,0,7,0
7019,'1492456',1050,,150,14,0,7,0
7019,'1492457',1130,,151,14,0,7,0
7019,'1492458',1210,,152,14,0,7,0
7019,'1492459',1450,,153,14,0,7,0
7019,'1492460',1530,,154,14,0,7,0
7019,'1492461',1610,,155,14,0,7,0
7019,'1492462',1050,,156,14,0,7,0
7019,'1492463',1130,,157,14,0,7,0
7019,'1492464',1210,,158,14,0,7,0
