901019,'1480871',627,,454,7,0,6,0
901019,'1480872',747,,455,7,0,6,0
901019,'1489082',902,,456,55,0,16 17,0
901019,'1489083',1022,,457,55,0,16 17,0
901019,'1489084',1142,,458,55,0,16 17,0
901019,'1489085',1302,,459,55,0,16 17,0
901019,'1489086',1422,,460,55,0,16 17,0
901019,'1489087',1542,,461,55,0,16 17,0
901019,'1489088',1702,,462,55,0,16 17,0
901019,'1489089',1822,,463,55,0,16 17,0
901019,'1489090',1942,,464,55,0,16 17,0
901019,'1489091',2102,,465,55,0,16 17,0
901019,'1489092',2222,,466,55,0,16 17,0
901019,'1489247',1942,,467,55,0,16 17,0
901019,'1489248',2102,,468,55,0,16 17,0
901019,'1489249',2222,,469,55,0,16 17,0
901019,'1492540',1942,,494,55,0,16 17,0
901019,'1492541',2102,,495,55,0,16 17,0
901019,'1492542',2222,,496,55,0,16 17,0
902019,'1488205',1902,,497,23,0,16 17,0
902019,'1488206',2022,,498,23,0,16 17,0
902019,'1488207',2142,,499,23,0,16 17,0
902019,'1492543',1902,,514,23,0,16 17,0
902019,'1492544',2022,,515,23,0,16 17,0
902019,'1492545',2142,,516,23,0,16 17,0
902019,'1492546',822,,517,23,0,16 17,0
902019,'1492547',942,,518,23,0,16 17,0
902019,'1492548',1102,,519,23,0,16 17,0
902019,'1492549',1222,,520,23,0,16 17,0
902019,'1492550',1342,,521,23,0,16 17,0
902019,'1492551',1502,,522,23,0,16 17,0
902019,'1492552',1622,,523,23,0,16 17,0
902019,'1492553',1742,,524,23,0,16 17,0
902019,'1492554',1902,,525,23,0,16 17,0
902019,'1492555',2022,,526,23,0,16 17,0
902019,'1492556',2142,,527,23,0,16 17,0
