1019,'1482680',820,,3,26,0,11,0
1019,'1482681',900,,4,26,0,11,0
1019,'1482682',940,,5,26,0,11,0
1019,'1482683',1020,,6,26,0,11,0
1019,'1482684',1100,,7,26,0,11,0
1019,'1482685',1140,,8,26,0,11,0
1019,'1482686',1220,,9,26,0,11,0
1019,'1482687',1300,,10,26,0,11,0
1019,'1482688',1340,,11,26,0,11,0
1019,'1482689',1420,,12,26,0,11,0
1019,'1482690',1500,,13,26,0,11,0
1019,'1482691',1540,,14,26,0,11,0
1019,'1482692',1620,,15,26,0,11,0
1019,'1482693',1700,,16,26,0,11,0
1019,'1482694',1740,,17,26,0,11,0
1019,'1482695',1820,,18,26,0,11,0
1019,'1482696',1900,,19,26,0,11,0
1019,'1482697',1940,,20,26,0,11,0
1019,'1482698',2020,,21,26,0,11,0
1019,'1482699',2100,,22,26,0,11,0
1019,'1482700',2140,,23,26,0,11,0
1019,'1482701',2220,,24,26,0,11,0
1019,'1485865',657,,26,29,0,11,0
1019,'1485866',737,,27,29,0,11,0
1019,'1485867',817,,28,29,0,11,0
1019,'1485868',857,,29,29,0,11,0
1019,'1485869',937,,30,29,0,11,0
1019,'1485870',1017,,31,29,0,11,0
1019,'1485871',1057,,32,29,0,11,0
1019,'1485872',1137,,33,29,0,11,0
1019,'1485873',1217,,34,29,0,11,0
1019,'1485874',1257,,35,29,0,11,0
1019,'1485875',1337,,36,29,0,11,0
1019,'1485876',1417,,37,29,0,11,0
1019,'1485877',1457,,38,29,0,11,0
1019,'1485878',1537,,39,29,0,11,0
1019,'1485879',1617,,40,29,0,11,0
1019,'1485880',1657,,41,29,0,11,0
1019,'1485881',1737,,42,29,0,11,0
1019,'1485882',1817,,43,29,0,11,0
