12019,'1492505',731,,184,24,0,12 13,0
12019,'1492506',831,,185,24,0,12 13,0
12019,'1492507',1131,,186,24,0,12 13,0
12019,'1492508',1231,,187,24,0,12 13,0
12019,'1492509',1531,,188,24,0,12 13,0
12019,'1492510',1631,,189,24,0,12 13,0
12019,'1492511',831,,190,24,0,12 13,0
12019,'1492512',1131,,191,24,0,12 13,0
12019,'1492513',1231,,192,24,0,12 13,0
12019,'1492514',1531,,193,24,0,12 13,0
12019,'1492515',1631,,194,24,0,12 13,0
12019,'1492516',931,,195,24,0,12 13,0
12019,'1492517',1031,,196,24,0,12 13,0
12019,'1492518',1331,,197,24,0,12 13,0
12019,'1492519',1431,,198,24,0,12 13,0
12019,'1492520',1731,,199,24,0,12 13,0
12019,'1492521',1831,,200,24,0,12 13,0
12019,'1492522',931,,201,24,0,12 13,0
12019,'1492523',1031,,202,24,0,12 13,0
12019,'1492524',1331,,203,24,0,12 13,0
12019,'1492525',1431,,204,24,0,12 13,0
12019,'1492526',1731,,205,24,0,12 13,0
12019,'1492527',1831,,206,24,0,12 13,0
