15019,'1484063',646,,257,17,,,0
15019,'1484064',746,,258,17,,,0
15019,'1484065',846,,259,17,,,0
15019,'1484066',946,,260,17,,,0
15019,'1484067',1046,,261,17,,,0
15019,'1484068',1146,,262,17,,,0
15019,'1484069',1246,,263,17,,,0
15019,'1484070',1346,,264,17,,,0
15019,'1484071',1446,,265,17,,,0
15019,'1484072',1546,,266,17,,,0
15019,'1484073',1646,,267,17,,,0
15019,'1484074',1746,,268,17,,,0
15019,'1489344',1846,,269,17,,,0
15019,'1489345',1946,,270,17,,,0
15019,'1489346',2046,,271,17,,,0
15019,'1489347',2146,,272,17,,,0
15019,'1489348',846,,273,17,,,0
15019,'1489349',946,,274,17,,,0
15019,'1489350',1046,,275,17,,,0
15019,'1489351',1146,,276,17,,,0
15019,'1489352',1246,,277,17,,,0
15019,'1489353',1346,,278,17,,,0
15019,'1489354',1446,,279,17,,,0
15019,'1489355',1546,,280,17,,,0
15019,'1489356',1646,,281,17,,,0
15019,'1489357',1746,,282,17,,,0
15019,'1489358',1846,,283,17,,,0
15019,'1489359',1946,,284,17,,,0
15019,'1489360',2046,,285,17,,,0
15019,'1489361',2146,,286,17,,,0
