15019,'1484063',644,,257,14,,,0
15019,'1484064',744,,258,14,,,0
15019,'1484065',844,,259,14,,,0
15019,'1484066',944,,260,14,,,0
15019,'1484067',1044,,261,14,,,0
15019,'1484068',1144,,262,14,,,0
15019,'1484069',1244,,263,14,,,0
15019,'1484070',1344,,264,14,,,0
15019,'1484071',1444,,265,14,,,0
15019,'1484072',1544,,266,14,,,0
15019,'1484073',1644,,267,14,,,0
15019,'1484074',1744,,268,14,,,0
15019,'1489344',1844,,269,14,,,0
15019,'1489345',1944,,270,14,,,0
15019,'1489346',2044,,271,14,,,0
15019,'1489347',2144,,272,14,,,0
15019,'1489348',844,,273,14,,,0
15019,'1489349',944,,274,14,,,0
15019,'1489350',1044,,275,14,,,0
15019,'1489351',1144,,276,14,,,0
15019,'1489352',1244,,277,14,,,0
15019,'1489353',1344,,278,14,,,0
15019,'1489354',1444,,279,14,,,0
15019,'1489355',1544,,280,14,,,0
15019,'1489356',1644,,281,14,,,0
15019,'1489357',1744,,282,14,,,0
15019,'1489358',1844,,283,14,,,0
15019,'1489359',1944,,284,14,,,0
15019,'1489360',2044,,285,14,,,0
15019,'1489361',2144,,286,14,,,0
