16019,'1488147',741,,287,3,0,9 10,0
16019,'1488148',841,,288,3,0,9 10,0
16019,'1488149',941,,289,3,0,9 10,0
16019,'1488162',1241,,290,3,0,9 10,0
16019,'1488163',1341,,291,3,0,9 10,0
16019,'1488164',1441,,292,3,0,9 10,0
16019,'1488165',1541,,293,3,0,9 10,0
16019,'1488166',1641,,294,3,0,9 10,0
16019,'1488167',1741,,295,3,0,9 10,0
16019,'1492416',1041,,296,3,0,9 10,0
16019,'1492417',1141,,297,3,0,9 10,0
16019,'1492418',1041,,298,3,0,9 10,0
16019,'1492419',1141,,299,3,0,9 10,0
16019,'1492420',1441,,300,3,0,9 10,0
16019,'1492421',1541,,301,3,0,9 10,0
16019,'1492471',841,,302,3,0,9 10,0
16019,'1492472',941,,303,3,0,9 10,0
16019,'1492473',1641,,304,3,0,9 10,0
16019,'1492474',1741,,305,3,0,9 10,0
16019,'1492475',1241,,306,3,0,9 10,0
16019,'1492476',1341,,307,3,0,9 10,0
93019,'1492477',741,,432,28,,,0
93019,'1492478',841,,433,28,,,0
93019,'1492479',941,,434,28,,,0
93019,'1492480',1041,,435,28,,,0
93019,'1492481',1141,,436,28,,,0
93019,'1492482',1241,,437,28,,,0
93019,'1492483',1341,,438,28,,,0
93019,'1492484',1441,,439,28,,,0
93019,'1492485',1541,,440,28,,,0
93019,'1492486',1641,,441,28,,,0
93019,'1492487',1741,,442,28,,,0
93019,'1492557',741,,443,28,,,0
93019,'1492558',841,,444,28,,,0
93019,'1492559',941,,445,28,,,0
93019,'1492560',1041,,446,28,,,0
93019,'1492561',1141,,447,28,,,0
93019,'1492562',1241,,448,28,,,0
93019,'1492563',1341,,449,28,,,0
93019,'1492564',1441,,450,28,,,0
93019,'1492565',1541,,451,28,,,0
93019,'1492566',1641,,452,28,,,0
93019,'1492567',1741,,453,28,,,0
901019,'1489082',821,,456,28,0,6,0
901019,'1489083',941,,457,28,0,6,0
901019,'1489084',1101,,458,28,0,6,0
901019,'1489085',1221,,459,28,0,6,0
901019,'1489086',1341,,460,28,0,6,0
901019,'1489087',1501,,461,28,0,6,0
901019,'1489088',1621,,462,28,0,6,0
901019,'1489089',1741,,463,28,0,6,0
901019,'1489090',1901,,464,28,0,6,0
901019,'1489091',2021,,465,28,0,6,0
901019,'1489092',2141,,466,28,0,6,0
901019,'1489247',1901,,467,28,0,6,0
901019,'1489248',2021,,468,28,0,6,0
901019,'1489249',2141,,469,28,0,6,0
901019,'1489884',701,,470,28,0,6,0
901019,'1489885',801,,471,28,0,6,0
901019,'1489886',901,,472,28,0,6,0
901019,'1489887',1001,,473,28,0,6,0
901019,'1489888',1101,,474,28,0,6,0
901019,'1489889',1201,,475,28,0,6,0
901019,'1489890',1301,,476,28,0,6,0
901019,'1489891',1401,,477,28,0,6,0
901019,'1489892',1501,,478,28,0,6,0
901019,'1489893',1601,,479,28,0,6,0
901019,'1489894',1701,,480,28,0,6,0
901019,'1489895',1801,,481,28,0,6,0
901019,'1492528',701,,482,28,0,6,0
901019,'1492529',801,,483,28,0,6,0
901019,'1492530',901,,484,28,0,6,0
901019,'1492531',1001,,485,28,0,6,0
901019,'1492532',1101,,486,28,0,6,0
901019,'1492533',1201,,487,28,0,6,0
901019,'1492534',1301,,488,28,0,6,0
901019,'1492535',1401,,489,28,0,6,0
901019,'1492536',1501,,490,28,0,6,0
901019,'1492537',1601,,491,28,0,6,0
901019,'1492538',1701,,492,28,0,6,0
901019,'1492539',1801,,493,28,0,6,0
901019,'1492540',1901,,494,28,0,6,0
901019,'1492541',2021,,495,28,0,6,0
901019,'1492542',2141,,496,28,0,6,0
902019,'1488205',1941,,497,54,0,6,0
902019,'1488206',2101,,498,54,0,6,0
902019,'1488207',2221,,499,54,0,6,0
902019,'1488257',1821,,500,28,0,6,0
902019,'1489896',721,,503,28,0,6,0
902019,'1489897',821,,504,28,0,6,0
902019,'1489898',921,,505,28,0,6,0
902019,'1489899',1021,,506,28,0,6,0
902019,'1489900',1121,,507,28,0,6,0
902019,'1489901',1221,,508,28,0,6,0
902019,'1489902',1321,,509,28,0,6,0
902019,'1489903',1421,,510,28,0,6,0
902019,'1489904',1521,,511,28,0,6,0
902019,'1489905',1621,,512,28,0,6,0
902019,'1489906',1721,,513,28,0,6,0
902019,'1492543',1941,,514,54,0,6,0
902019,'1492544',2101,,515,54,0,6,0
902019,'1492545',2221,,516,54,0,6,0
902019,'1492546',901,,517,54,0,6,0
902019,'1492547',1021,,518,54,0,6,0
902019,'1492548',1141,,519,54,0,6,0
902019,'1492549',1301,,520,54,0,6,0
902019,'1492550',1421,,521,54,0,6,0
902019,'1492551',1541,,522,54,0,6,0
902019,'1492552',1701,,523,54,0,6,0
902019,'1492553',1821,,524,54,0,6,0
902019,'1492554',1941,,525,54,0,6,0
902019,'1492555',2101,,526,54,0,6,0
902019,'1492556',2221,,527,54,0,6,0
