19019,'1489098',644,,308,13,,,0
19019,'1489099',724,,309,13,,,0
19019,'1489100',804,,310,13,,,0
19019,'1489101',844,,311,13,,,0
19019,'1489102',924,,312,13,,,0
19019,'1489103',1004,,313,13,,,0
19019,'1489104',1044,,314,13,,,0
19019,'1489105',1124,,315,13,,,0
19019,'1489106',1204,,316,13,,,0
19019,'1489107',1244,,317,13,,,0
19019,'1489108',1324,,318,13,,,0
19019,'1489109',1404,,319,13,,,0
19019,'1489110',1444,,320,13,,,0
19019,'1489111',1524,,321,13,,,0
19019,'1489112',1604,,322,13,,,0
19019,'1489113',1644,,323,13,,,0
19019,'1489114',1724,,324,13,,,0
19019,'1489115',1804,,325,13,,,0
19019,'1489116',704,,326,13,,,0
19019,'1489117',744,,327,13,,,0
19019,'1489118',824,,328,13,,,0
19019,'1489119',904,,329,13,,,0
19019,'1489120',944,,330,13,,,0
19019,'1489121',1024,,331,13,,,0
19019,'1489122',1104,,332,13,,,0
19019,'1489123',1144,,333,13,,,0
19019,'1489124',1224,,334,13,,,0
19019,'1489125',1304,,335,13,,,0
19019,'1489126',1344,,336,13,,,0
19019,'1489127',1424,,337,13,,,0
19019,'1489128',1504,,338,13,,,0
19019,'1489129',1544,,339,13,,,0
19019,'1489130',1624,,340,13,,,0
19019,'1489131',1704,,341,13,,,0
19019,'1489132',1744,,342,13,,,0
901019,'1489082',844,,456,45,0,16 17,0
901019,'1489083',1004,,457,45,0,16 17,0
901019,'1489084',1124,,458,45,0,16 17,0
901019,'1489085',1244,,459,45,0,16 17,0
901019,'1489086',1404,,460,45,0,16 17,0
901019,'1489087',1524,,461,45,0,16 17,0
901019,'1489088',1644,,462,45,0,16 17,0
901019,'1489089',1804,,463,45,0,16 17,0
901019,'1489090',1924,,464,45,0,16 17,0
901019,'1489091',2044,,465,45,0,16 17,0
901019,'1489092',2204,,466,45,0,16 17,0
901019,'1492540',1924,,494,45,0,16 17,0
901019,'1492541',2044,,495,45,0,16 17,0
901019,'1492542',2204,,496,45,0,16 17,0
902019,'1492543',1844,,514,13,0,16 17,0
902019,'1492544',2004,,515,13,0,16 17,0
902019,'1492545',2124,,516,13,0,16 17,0
902019,'1492546',804,,517,13,0,16 17,0
902019,'1492547',924,,518,13,0,16 17,0
902019,'1492548',1044,,519,13,0,16 17,0
902019,'1492549',1204,,520,13,0,16 17,0
902019,'1492550',1324,,521,13,0,16 17,0
902019,'1492551',1444,,522,13,0,16 17,0
902019,'1492552',1604,,523,13,0,16 17,0
902019,'1492553',1724,,524,13,0,16 17,0
902019,'1492554',1844,,525,13,0,16 17,0
902019,'1492555',2004,,526,13,0,16 17,0
902019,'1492556',2124,,527,13,0,16 17,0
