1019,'1485865',640,,26,11,0,11,0
1019,'1485866',720,,27,11,0,11,0
1019,'1485867',800,,28,11,0,11,0
1019,'1485868',840,,29,11,0,11,0
1019,'1485869',920,,30,11,0,11,0
1019,'1485870',1000,,31,11,0,11,0
1019,'1485871',1040,,32,11,0,11,0
1019,'1485872',1120,,33,11,0,11,0
1019,'1485873',1200,,34,11,0,11,0
1019,'1485874',1240,,35,11,0,11,0
1019,'1485875',1320,,36,11,0,11,0
1019,'1485876',1400,,37,11,0,11,0
1019,'1485877',1440,,38,11,0,11,0
1019,'1485878',1520,,39,11,0,11,0
1019,'1485879',1600,,40,11,0,11,0
1019,'1485880',1640,,41,11,0,11,0
1019,'1485881',1720,,42,11,0,11,0
1019,'1485882',1800,,43,11,0,11,0
10019,'1483448',640,,161,6,0,5,0
10019,'1483449',1520,,162,6,0,5,0
