93019,'1492477',725,,432,16,0,5,0
93019,'1492478',825,,433,16,0,5,0
93019,'1492479',925,,434,16,0,5,0
93019,'1492480',1025,,435,16,0,5,0
93019,'1492481',1125,,436,16,0,5,0
93019,'1492482',1225,,437,16,0,5,0
93019,'1492483',1325,,438,16,0,5,0
93019,'1492484',1425,,439,16,0,5,0
93019,'1492485',1525,,440,16,0,5,0
93019,'1492486',1625,,441,16,0,5,0
93019,'1492487',1725,,442,16,0,5,0
93019,'1492557',725,,443,16,0,5,0
93019,'1492558',825,,444,16,0,5,0
93019,'1492559',925,,445,16,0,5,0
93019,'1492560',1025,,446,16,0,5,0
93019,'1492561',1125,,447,16,0,5,0
93019,'1492562',1225,,448,16,0,5,0
93019,'1492563',1325,,449,16,0,5,0
93019,'1492564',1425,,450,16,0,5,0
93019,'1492565',1525,,451,16,0,5,0
93019,'1492566',1625,,452,16,0,5,0
93019,'1492567',1725,,453,16,0,5,0
901019,'1489082',805,,456,16,0,6,0
901019,'1489083',925,,457,16,0,6,0
901019,'1489084',1045,,458,16,0,6,0
901019,'1489085',1205,,459,16,0,6,0
901019,'1489086',1325,,460,16,0,6,0
901019,'1489087',1445,,461,16,0,6,0
901019,'1489088',1605,,462,16,0,6,0
901019,'1489089',1725,,463,16,0,6,0
901019,'1489090',1845,,464,16,0,6,0
901019,'1489091',2005,,465,16,0,6,0
901019,'1489092',2125,,466,16,0,6,0
901019,'1489247',1845,,467,16,,,0
901019,'1489248',2005,,468,16,,,0
901019,'1489249',2125,,469,16,,,0
901019,'1489884',645,,470,16,,,0
901019,'1489885',745,,471,16,,,0
901019,'1489886',845,,472,16,,,0
901019,'1489887',945,,473,16,,,0
901019,'1489888',1045,,474,16,,,0
901019,'1489889',1145,,475,16,,,0
901019,'1489890',1245,,476,16,,,0
901019,'1489891',1345,,477,16,,,0
901019,'1489892',1445,,478,16,,,0
901019,'1489893',1545,,479,16,,,0
901019,'1489894',1645,,480,16,,,0
901019,'1489895',1745,,481,16,,,0
901019,'1492528',645,,482,16,,,0
901019,'1492529',745,,483,16,,,0
901019,'1492530',845,,484,16,,,0
901019,'1492531',945,,485,16,,,0
901019,'1492532',1045,,486,16,,,0
901019,'1492533',1145,,487,16,,,0
901019,'1492534',1245,,488,16,,,0
901019,'1492535',1345,,489,16,,,0
901019,'1492536',1445,,490,16,,,0
901019,'1492537',1545,,491,16,,,0
901019,'1492538',1645,,492,16,,,0
901019,'1492539',1745,,493,16,,,0
901019,'1492540',1845,,494,16,,,0
901019,'1492541',2005,,495,16,,,0
901019,'1492542',2125,,496,16,,,0
902019,'1488205',1925,,497,42,,,0
902019,'1488206',2045,,498,42,,,0
902019,'1488207',2205,,499,42,,,0
902019,'1488257',1805,,500,16,,,0
902019,'1489896',705,,503,16,,,0
902019,'1489897',805,,504,16,,,0
902019,'1489898',905,,505,16,,,0
902019,'1489899',1005,,506,16,,,0
902019,'1489900',1105,,507,16,,,0
902019,'1489901',1205,,508,16,,,0
902019,'1489902',1305,,509,16,,,0
902019,'1489903',1405,,510,16,,,0
902019,'1489904',1505,,511,16,,,0
902019,'1489905',1605,,512,16,,,0
902019,'1489906',1705,,513,16,,,0
902019,'1492543',1925,,514,42,,,0
902019,'1492544',2045,,515,42,,,0
902019,'1492545',2205,,516,42,,,0
902019,'1492546',845,,517,42,,,0
902019,'1492547',1005,,518,42,,,0
902019,'1492548',1125,,519,42,,,0
902019,'1492549',1245,,520,42,,,0
902019,'1492550',1405,,521,42,,,0
902019,'1492551',1525,,522,42,,,0
902019,'1492552',1645,,523,42,,,0
902019,'1492553',1805,,524,42,,,0
902019,'1492554',1925,,525,42,,,0
902019,'1492555',2045,,526,42,,,0
902019,'1492556',2205,,527,42,,,0
