15019,'1484063',651,,257,25,,,0
15019,'1484064',751,,258,25,,,0
15019,'1484065',851,,259,25,,,0
15019,'1484066',951,,260,25,,,0
15019,'1484067',1051,,261,25,,,0
15019,'1484068',1151,,262,25,,,0
15019,'1484069',1251,,263,25,,,0
15019,'1484070',1351,,264,25,,,0
15019,'1484071',1451,,265,25,,,0
15019,'1484072',1551,,266,25,,,0
15019,'1484073',1651,,267,25,,,0
15019,'1484074',1751,,268,25,,,0
15019,'1489344',1851,,269,25,,,0
15019,'1489345',1951,,270,25,,,0
15019,'1489346',2051,,271,25,,,0
15019,'1489347',2151,,272,25,,,0
15019,'1489348',851,,273,25,,,0
15019,'1489349',951,,274,25,,,0
15019,'1489350',1051,,275,25,,,0
15019,'1489351',1151,,276,25,,,0
15019,'1489352',1251,,277,25,,,0
15019,'1489353',1351,,278,25,,,0
15019,'1489354',1451,,279,25,,,0
15019,'1489355',1551,,280,25,,,0
15019,'1489356',1651,,281,25,,,0
15019,'1489357',1751,,282,25,,,0
15019,'1489358',1851,,283,25,,,0
15019,'1489359',1951,,284,25,,,0
15019,'1489360',2051,,285,25,,,0
15019,'1489361',2151,,286,25,,,0
