4019,'1489036',704,,65,29,,,0
4019,'1489037',744,,66,29,,,0
4019,'1489038',824,,67,29,,,0
4019,'1489039',904,,68,29,,,0
4019,'1489040',944,,69,29,,,0
4019,'1489041',1024,,70,29,,,0
4019,'1489042',1104,,71,29,,,0
4019,'1489043',1144,,72,29,,,0
4019,'1489044',1224,,73,29,,,0
4019,'1489045',1304,,74,29,,,0
4019,'1489046',1344,,75,29,,,0
4019,'1489047',1424,,76,29,,,0
4019,'1489048',1504,,77,29,,,0
4019,'1489049',1544,,78,29,,,0
4019,'1489050',1624,,79,29,,,0
4019,'1489051',1704,,80,29,,,0
4019,'1489052',1744,,81,29,,,0
4019,'1489053',1824,,82,29,,,0
4019,'1489054',1904,,83,29,,,0
4019,'1489055',1944,,84,29,,,0
4019,'1489056',2024,,85,29,,,0
4019,'1489057',2104,,86,29,,,0
4019,'1489058',2144,,87,29,,,0
4019,'1489059',2224,,88,29,,,0
4019,'1489060',824,,89,29,,,0
4019,'1489061',904,,90,29,,,0
4019,'1489062',944,,91,29,,,0
4019,'1489063',1024,,92,29,,,0
4019,'1489064',1104,,93,29,,,0
4019,'1489065',1144,,94,29,,,0
4019,'1489066',1224,,95,29,,,0
4019,'1489067',1304,,96,29,,,0
4019,'1489068',1344,,97,29,,,0
4019,'1489069',1424,,98,29,,,0
4019,'1489070',1504,,99,29,,,0
4019,'1489071',1544,,100,29,,,0
4019,'1489072',1624,,101,29,,,0
4019,'1489073',1704,,102,29,,,0
4019,'1489074',1744,,103,29,,,0
4019,'1489075',1824,,104,29,,,0
4019,'1489076',1904,,105,29,,,0
4019,'1489077',1944,,106,29,,,0
4019,'1489078',2024,,107,29,,,0
4019,'1489079',2104,,108,29,,,0
4019,'1489080',2144,,109,29,,,0
4019,'1489081',2224,,110,29,,,0
