2019,'1486350',633,,45,7,,,0
2019,'1486351',713,,46,7,,,0
2019,'1486352',753,,47,7,,,0
2019,'1486353',833,,48,7,,,0
2019,'1486354',913,,49,7,,,0
2019,'1486355',953,,50,7,,,0
2019,'1486356',1033,,51,7,,,0
2019,'1486357',1113,,52,7,,,0
2019,'1486358',1153,,53,7,,,0
2019,'1486359',1233,,54,7,,,0
2019,'1486360',1313,,55,7,,,0
2019,'1486361',1353,,56,7,,,0
2019,'1486362',1433,,57,7,,,0
2019,'1486363',1513,,58,7,,,0
2019,'1486364',1553,,59,7,,,0
2019,'1486365',1633,,60,7,,,0
2019,'1486366',1713,,61,7,,,0
2019,'1486958',1753,,62,7,,,0
