19019,'1489098',703,,308,24,,,0
19019,'1489099',743,,309,24,,,0
19019,'1489100',823,,310,24,,,0
19019,'1489101',903,,311,24,,,0
19019,'1489102',943,,312,24,,,0
19019,'1489103',1023,,313,24,,,0
19019,'1489104',1103,,314,24,,,0
19019,'1489105',1143,,315,24,,,0
19019,'1489106',1223,,316,24,,,0
19019,'1489107',1303,,317,24,,,0
19019,'1489108',1343,,318,24,,,0
19019,'1489109',1423,,319,24,,,0
19019,'1489110',1503,,320,24,,,0
19019,'1489111',1543,,321,24,,,0
19019,'1489112',1623,,322,24,,,0
19019,'1489113',1703,,323,24,,,0
19019,'1489114',1743,,324,24,,,0
19019,'1489115',1823,,325,24,,,0
19019,'1489116',723,,326,24,,,0
19019,'1489117',803,,327,24,,,0
19019,'1489118',843,,328,24,,,0
19019,'1489119',923,,329,24,,,0
19019,'1489120',1003,,330,24,,,0
19019,'1489121',1043,,331,24,,,0
19019,'1489122',1123,,332,24,,,0
19019,'1489123',1203,,333,24,,,0
19019,'1489124',1243,,334,24,,,0
19019,'1489125',1323,,335,24,,,0
19019,'1489126',1403,,336,24,,,0
19019,'1489127',1443,,337,24,,,0
19019,'1489128',1523,,338,24,,,0
19019,'1489129',1603,,339,24,,,0
19019,'1489130',1643,,340,24,,,0
19019,'1489131',1723,,341,24,,,0
19019,'1489132',1803,,342,24,,,0
19019,'1489362',703,,343,24,,,0
19019,'1489363',743,,344,24,,,0
19019,'1489364',823,,345,24,,,0
19019,'1489365',903,,346,24,,,0
19019,'1489366',943,,347,24,,,0
19019,'1489367',1023,,348,24,,,0
19019,'1489368',1103,,349,24,,,0
19019,'1489369',1143,,350,24,,,0
19019,'1489370',1223,,351,24,,,0
19019,'1489371',1303,,352,24,,,0
19019,'1489372',1343,,353,24,,,0
19019,'1489373',1423,,354,24,,,0
19019,'1489374',1503,,355,24,,,0
19019,'1489375',1543,,356,24,,,0
19019,'1489376',1623,,357,24,,,0
19019,'1489377',1703,,358,24,,,0
19019,'1489378',1743,,359,24,,,0
19019,'1489379',1823,,360,24,,,0
19019,'1489380',723,,361,24,,,0
19019,'1489381',803,,362,24,,,0
19019,'1489382',843,,363,24,,,0
19019,'1489383',923,,364,24,,,0
19019,'1489384',1003,,365,24,,,0
19019,'1489385',1043,,366,24,,,0
19019,'1489386',1123,,367,24,,,0
19019,'1489387',1203,,368,24,,,0
19019,'1489388',1243,,369,24,,,0
19019,'1489389',1323,,370,24,,,0
19019,'1489390',1403,,371,24,,,0
19019,'1489391',1443,,372,24,,,0
19019,'1489392',1523,,373,24,,,0
19019,'1489393',1603,,374,24,,,0
19019,'1489394',1643,,375,24,,,0
19019,'1489395',1723,,376,24,,,0
19019,'1489396',1803,,377,24,,,0
