19019,'1489098',650,,308,15,,,0
19019,'1489099',730,,309,15,,,0
19019,'1489100',810,,310,15,,,0
19019,'1489101',850,,311,15,,,0
19019,'1489102',930,,312,15,,,0
19019,'1489103',1010,,313,15,,,0
19019,'1489104',1050,,314,15,,,0
19019,'1489105',1130,,315,15,,,0
19019,'1489106',1210,,316,15,,,0
19019,'1489107',1250,,317,15,,,0
19019,'1489108',1330,,318,15,,,0
19019,'1489109',1410,,319,15,,,0
19019,'1489110',1450,,320,15,,,0
19019,'1489111',1530,,321,15,,,0
19019,'1489112',1610,,322,15,,,0
19019,'1489113',1650,,323,15,,,0
19019,'1489114',1730,,324,15,,,0
19019,'1489115',1810,,325,15,,,0
19019,'1489116',710,,326,15,,,0
19019,'1489117',750,,327,15,,,0
19019,'1489118',830,,328,15,,,0
19019,'1489119',910,,329,15,,,0
19019,'1489120',950,,330,15,,,0
19019,'1489121',1030,,331,15,,,0
19019,'1489122',1110,,332,15,,,0
19019,'1489123',1150,,333,15,,,0
19019,'1489124',1230,,334,15,,,0
19019,'1489125',1310,,335,15,,,0
19019,'1489126',1350,,336,15,,,0
19019,'1489127',1430,,337,15,,,0
19019,'1489128',1510,,338,15,,,0
19019,'1489129',1550,,339,15,,,0
19019,'1489130',1630,,340,15,,,0
19019,'1489131',1710,,341,15,,,0
19019,'1489132',1750,,342,15,,,0
19019,'1489362',650,,343,15,,,0
19019,'1489363',730,,344,15,,,0
19019,'1489364',810,,345,15,,,0
19019,'1489365',850,,346,15,,,0
19019,'1489366',930,,347,15,,,0
19019,'1489367',1010,,348,15,,,0
19019,'1489368',1050,,349,15,,,0
19019,'1489369',1130,,350,15,,,0
19019,'1489370',1210,,351,15,,,0
19019,'1489371',1250,,352,15,,,0
19019,'1489372',1330,,353,15,,,0
19019,'1489373',1410,,354,15,,,0
19019,'1489374',1450,,355,15,,,0
19019,'1489375',1530,,356,15,,,0
19019,'1489376',1610,,357,15,,,0
19019,'1489377',1650,,358,15,,,0
19019,'1489378',1730,,359,15,,,0
19019,'1489379',1810,,360,15,,,0
19019,'1489380',710,,361,15,,,0
19019,'1489381',750,,362,15,,,0
19019,'1489382',830,,363,15,,,0
19019,'1489383',910,,364,15,,,0
19019,'1489384',950,,365,15,,,0
19019,'1489385',1030,,366,15,,,0
19019,'1489386',1110,,367,15,,,0
19019,'1489387',1150,,368,15,,,0
19019,'1489388',1230,,369,15,,,0
19019,'1489389',1310,,370,15,,,0
19019,'1489390',1350,,371,15,,,0
19019,'1489391',1430,,372,15,,,0
19019,'1489392',1510,,373,15,,,0
19019,'1489393',1550,,374,15,,,0
19019,'1489394',1630,,375,15,,,0
19019,'1489395',1710,,376,15,,,0
19019,'1489396',1750,,377,15,,,0
901019,'1489082',850,,456,47,0,16 17,0
901019,'1489083',1010,,457,47,0,16 17,0
901019,'1489084',1130,,458,47,0,16 17,0
901019,'1489085',1250,,459,47,0,16 17,0
901019,'1489086',1410,,460,47,0,16 17,0
901019,'1489087',1530,,461,47,0,16 17,0
901019,'1489088',1650,,462,47,0,16 17,0
901019,'1489089',1810,,463,47,0,16 17,0
901019,'1489090',1930,,464,47,0,16 17,0
901019,'1489091',2050,,465,47,0,16 17,0
901019,'1489092',2210,,466,47,0,16 17,0
901019,'1489247',1930,,467,47,0,16 17,0
901019,'1489248',2050,,468,47,0,16 17,0
901019,'1489249',2210,,469,47,0,16 17,0
901019,'1492540',1930,,494,47,0,16 17,0
901019,'1492541',2050,,495,47,0,16 17,0
901019,'1492542',2210,,496,47,0,16 17,0
902019,'1488205',1850,,497,15,0,16 17,0
902019,'1488206',2010,,498,15,0,16 17,0
902019,'1488207',2130,,499,15,0,16 17,0
902019,'1492543',1850,,514,15,0,16 17,0
902019,'1492544',2010,,515,15,0,16 17,0
902019,'1492545',2130,,516,15,0,16 17,0
902019,'1492546',810,,517,15,0,16 17,0
902019,'1492547',930,,518,15,0,16 17,0
902019,'1492548',1050,,519,15,0,16 17,0
902019,'1492549',1210,,520,15,0,16 17,0
902019,'1492550',1330,,521,15,0,16 17,0
902019,'1492551',1450,,522,15,0,16 17,0
902019,'1492552',1610,,523,15,0,16 17,0
902019,'1492553',1730,,524,15,0,16 17,0
902019,'1492554',1850,,525,15,0,16 17,0
902019,'1492555',2010,,526,15,0,16 17,0
902019,'1492556',2130,,527,15,0,16 17,0
