12019,'1490514',730,,172,22,0,12 13,0
12019,'1490515',830,,173,22,0,12 13,0
12019,'1490516',930,,174,22,0,12 13,0
12019,'1490517',1030,,175,22,0,12 13,0
12019,'1490533',1530,,176,22,0,12 13,0
12019,'1490534',1630,,177,22,0,12 13,0
12019,'1490535',1730,,178,22,0,12 13,0
12019,'1490536',1830,,179,22,0,12 13,0
12019,'1492410',1130,,180,22,0,12 13,0
12019,'1492411',1230,,181,22,0,12 13,0
12019,'1492465',1330,,182,22,0,12 13,0
12019,'1492466',1430,,183,22,0,12 13,0
12019,'1492505',729,,184,22,0,12 13,0
12019,'1492506',829,,185,22,0,12 13,0
12019,'1492507',1129,,186,22,0,12 13,0
12019,'1492508',1229,,187,22,0,12 13,0
12019,'1492509',1529,,188,22,0,12 13,0
12019,'1492510',1629,,189,22,0,12 13,0
12019,'1492511',829,,190,22,0,12 13,0
12019,'1492512',1129,,191,22,0,12 13,0
12019,'1492513',1229,,192,22,0,12 13,0
12019,'1492514',1529,,193,22,0,12 13,0
12019,'1492515',1629,,194,22,0,12 13,0
12019,'1492516',929,,195,22,0,12 13,0
12019,'1492517',1029,,196,22,0,12 13,0
12019,'1492518',1329,,197,22,0,12 13,0
12019,'1492519',1429,,198,22,0,12 13,0
12019,'1492520',1729,,199,22,0,12 13,0
12019,'1492521',1829,,200,22,0,12 13,0
12019,'1492522',929,,201,22,0,12 13,0
12019,'1492523',1029,,202,22,0,12 13,0
12019,'1492524',1329,,203,22,0,12 13,0
12019,'1492525',1429,,204,22,0,12 13,0
12019,'1492526',1729,,205,22,0,12 13,0
12019,'1492527',1829,,206,22,0,12 13,0
