16019,'1488147',750,,287,9,0,9 10,0
16019,'1488148',850,,288,9,0,9 10,0
16019,'1488149',950,,289,9,0,9 10,0
16019,'1488162',1250,,290,9,0,9 10,0
16019,'1488163',1350,,291,9,0,9 10,0
16019,'1488164',1450,,292,9,0,9 10,0
16019,'1488165',1550,,293,9,0,9 10,0
16019,'1488166',1650,,294,9,0,9 10,0
16019,'1488167',1750,,295,9,0,9 10,0
16019,'1492416',1050,,296,9,0,9 10,0
16019,'1492417',1150,,297,9,0,9 10,0
16019,'1492418',1050,,298,9,0,9 10,0
16019,'1492419',1150,,299,9,0,9 10,0
16019,'1492420',1450,,300,9,0,9 10,0
16019,'1492421',1550,,301,9,0,9 10,0
16019,'1492471',850,,302,9,0,9 10,0
16019,'1492472',950,,303,9,0,9 10,0
16019,'1492473',1650,,304,9,0,9 10,0
16019,'1492474',1750,,305,9,0,9 10,0
16019,'1492475',1250,,306,9,0,9 10,0
16019,'1492476',1350,,307,9,0,9 10,0
