901019,'1489082',832,,456,34,0,16 17,0
901019,'1489083',952,,457,34,0,16 17,0
901019,'1489084',1112,,458,34,0,16 17,0
901019,'1489085',1232,,459,34,0,16 17,0
901019,'1489086',1352,,460,34,0,16 17,0
901019,'1489087',1512,,461,34,0,16 17,0
901019,'1489088',1632,,462,34,0,16 17,0
901019,'1489089',1752,,463,34,0,16 17,0
901019,'1489090',1912,,464,34,0,16 17,0
901019,'1489091',2032,,465,34,0,16 17,0
901019,'1489092',2152,,466,34,0,16 17,0
901019,'1492540',1912,,494,34,0,16 17,0
901019,'1492541',2032,,495,34,0,16 17,0
901019,'1492542',2152,,496,34,0,16 17,0
902019,'1492543',1832,,514,2,0,16 17,0
902019,'1492544',1952,,515,2,0,16 17,0
902019,'1492545',2112,,516,2,0,16 17,0
902019,'1492546',752,,517,2,0,16 17,0
902019,'1492547',912,,518,2,0,16 17,0
902019,'1492548',1032,,519,2,0,16 17,0
902019,'1492549',1152,,520,2,0,16 17,0
902019,'1492550',1312,,521,2,0,16 17,0
902019,'1492551',1432,,522,2,0,16 17,0
902019,'1492552',1552,,523,2,0,16 17,0
902019,'1492553',1712,,524,2,0,16 17,0
902019,'1492554',1832,,525,2,0,16 17,0
902019,'1492555',1952,,526,2,0,16 17,0
902019,'1492556',2112,,527,2,0,16 17,0
