7019,'1489971',657,,113,22,0,7,0
7019,'1489972',737,,114,22,0,7,0
7019,'1489973',817,,115,22,0,7,0
7019,'1489974',857,,116,22,0,7,0
7019,'1489975',937,,117,22,0,7,0
7019,'1489976',1017,,118,22,0,7,0
7019,'1489983',1457,,119,22,0,7,0
7019,'1489984',1537,,120,22,0,7,0
7019,'1489985',1617,,121,22,0,7,0
7019,'1489986',1657,,122,22,0,7,0
7019,'1489987',1737,,123,22,0,7,0
7019,'1489988',1817,,124,22,0,7,0
7019,'1489995',817,,125,22,0,7,0
7019,'1489996',857,,126,22,0,7,0
7019,'1489997',937,,127,22,0,7,0
7019,'1489998',1017,,128,22,0,7,0
7019,'1489999',1057,,129,22,0,7,0
7019,'1490000',1137,,130,22,0,7,0
7019,'1490001',1217,,131,22,0,7,0
7019,'1490002',1257,,132,22,0,7,0
7019,'1490003',1337,,133,22,0,7,0
7019,'1490004',1417,,134,22,0,7,0
7019,'1490005',1457,,135,22,0,7,0
7019,'1490006',1537,,136,22,0,7,0
7019,'1490007',1617,,137,22,0,7,0
7019,'1490008',1657,,138,22,0,7,0
7019,'1490009',1737,,139,22,0,7,0
7019,'1490010',1817,,140,22,0,7,0
7019,'1492401',1257,,141,22,0,7,0
7019,'1492402',1337,,142,22,0,7,0
7019,'1492403',1417,,143,22,0,7,0
7019,'1492404',1657,,144,22,0,7,0
7019,'1492405',1737,,145,22,0,7,0
7019,'1492406',1817,,146,22,0,7,0
7019,'1492407',1257,,147,22,0,7,0
7019,'1492408',1337,,148,22,0,7,0
7019,'1492409',1417,,149,22,0,7,0
7019,'1492456',1057,,150,22,0,7,0
7019,'1492457',1137,,151,22,0,7,0
7019,'1492458',1217,,152,22,0,7,0
7019,'1492459',1457,,153,22,0,7,0
7019,'1492460',1537,,154,22,0,7,0
7019,'1492461',1617,,155,22,0,7,0
7019,'1492462',1057,,156,22,0,7,0
7019,'1492463',1137,,157,22,0,7,0
7019,'1492464',1217,,158,22,0,7,0
