1019,'1482680',811,,3,19,0,11,0
1019,'1482681',851,,4,19,0,11,0
1019,'1482682',931,,5,19,0,11,0
1019,'1482683',1011,,6,19,0,11,0
1019,'1482684',1051,,7,19,0,11,0
1019,'1482685',1131,,8,19,0,11,0
1019,'1482686',1211,,9,19,0,11,0
1019,'1482687',1251,,10,19,0,11,0
1019,'1482688',1331,,11,19,0,11,0
1019,'1482689',1411,,12,19,0,11,0
1019,'1482690',1451,,13,19,0,11,0
1019,'1482691',1531,,14,19,0,11,0
1019,'1482692',1611,,15,19,0,11,0
1019,'1482693',1651,,16,19,0,11,0
1019,'1482694',1731,,17,19,0,11,0
1019,'1482695',1811,,18,19,0,11,0
1019,'1482696',1851,,19,19,0,11,0
1019,'1482697',1931,,20,19,0,11,0
1019,'1482698',2011,,21,19,0,11,0
1019,'1482699',2051,,22,19,0,11,0
1019,'1482700',2131,,23,19,0,11,0
1019,'1482701',2211,,24,19,0,11,0
1019,'1485865',651,,26,22,0,11,0
1019,'1485866',731,,27,22,0,11,0
1019,'1485867',811,,28,22,0,11,0
1019,'1485868',851,,29,22,0,11,0
1019,'1485869',931,,30,22,0,11,0
1019,'1485870',1011,,31,22,0,11,0
1019,'1485871',1051,,32,22,0,11,0
1019,'1485872',1131,,33,22,0,11,0
1019,'1485873',1211,,34,22,0,11,0
1019,'1485874',1251,,35,22,0,11,0
1019,'1485875',1331,,36,22,0,11,0
1019,'1485876',1411,,37,22,0,11,0
1019,'1485877',1451,,38,22,0,11,0
1019,'1485878',1531,,39,22,0,11,0
1019,'1485879',1611,,40,22,0,11,0
1019,'1485880',1651,,41,22,0,11,0
1019,'1485881',1731,,42,22,0,11,0
1019,'1485882',1811,,43,22,0,11,0
2019,'1486350',631,,45,3,,,0
2019,'1486351',711,,46,3,,,0
2019,'1486352',751,,47,3,,,0
2019,'1486353',831,,48,3,,,0
2019,'1486354',911,,49,3,,,0
2019,'1486355',951,,50,3,,,0
2019,'1486356',1031,,51,3,,,0
2019,'1486357',1111,,52,3,,,0
2019,'1486358',1151,,53,3,,,0
2019,'1486359',1231,,54,3,,,0
2019,'1486360',1311,,55,3,,,0
2019,'1486361',1351,,56,3,,,0
2019,'1486362',1431,,57,3,,,0
2019,'1486363',1511,,58,3,,,0
2019,'1486364',1551,,59,3,,,0
2019,'1486365',1631,,60,3,,,0
2019,'1486366',1711,,61,3,,,0
2019,'1486958',1751,,62,3,,,0
30000019,'1486494',916,,528,2,,,0
30000019,'1486495',1016,,529,2,,,0
30000019,'1486496',1116,,530,2,,,0
30000019,'1486497',1216,,531,2,,,0
30000019,'1486498',1316,,532,2,,,0
30000019,'1486499',1416,,533,2,,,0
30000019,'1486500',1516,,534,2,,,0
30000019,'1486501',1616,,535,2,,,0
