20019,'1492422',647,,378,15,,,0
20019,'1492423',727,,379,15,,,0
20019,'1492424',807,,380,15,,,0
20019,'1492425',847,,381,15,,,0
20019,'1492426',927,,382,15,,,0
20019,'1492427',1007,,383,15,,,0
20019,'1492428',1047,,384,15,,,0
20019,'1492429',1127,,385,15,,,0
20019,'1492430',1207,,386,15,,,0
20019,'1492431',1247,,387,15,,,0
20019,'1492432',1327,,388,15,,,0
20019,'1492433',1407,,389,15,,,0
20019,'1492434',1447,,390,15,,,0
20019,'1492435',1527,,391,15,,,0
20019,'1492436',1607,,392,15,,,0
20019,'1492437',1647,,393,15,,,0
20019,'1492438',1727,,394,15,,,0
20019,'1492439',1807,,395,15,,,0
20019,'1492440',807,,396,15,,,0
20019,'1492441',847,,397,15,,,0
20019,'1492442',927,,398,15,,,0
20019,'1492443',1007,,399,15,,,0
20019,'1492444',1047,,400,15,,,0
20019,'1492445',1127,,401,15,,,0
20019,'1492446',1207,,402,15,,,0
20019,'1492447',1247,,403,15,,,0
20019,'1492448',1327,,404,15,,,0
20019,'1492449',1407,,405,15,,,0
20019,'1492450',1447,,406,15,,,0
20019,'1492451',1527,,407,15,,,0
20019,'1492452',1607,,408,15,,,0
20019,'1492453',1647,,409,15,,,0
20019,'1492454',1727,,410,15,,,0
20019,'1492455',1807,,411,15,,,0
