14019,'1489925',643,,209,18,,,0
14019,'1489926',723,,210,18,,,0
14019,'1489927',803,,211,18,,,0
14019,'1489928',843,,212,18,,,0
14019,'1489929',923,,213,18,,,0
14019,'1489930',1003,,214,18,,,0
14019,'1489931',1043,,215,18,,,0
14019,'1489932',1123,,216,18,,,0
14019,'1489933',1203,,217,18,,,0
14019,'1489934',1243,,218,18,,,0
14019,'1489935',1323,,219,18,,,0
14019,'1489936',1403,,220,18,,,0
14019,'1489937',1443,,221,18,,,0
14019,'1489938',1523,,222,18,,,0
14019,'1489939',1603,,223,18,,,0
14019,'1489940',1643,,224,18,,,0
14019,'1489941',1723,,225,18,,,0
14019,'1489942',1803,,226,18,,,0
14019,'1489943',1843,,227,18,,,0
14019,'1489944',1923,,228,18,,,0
14019,'1489945',2003,,229,18,,,0
14019,'1489946',2043,,230,18,,,0
14019,'1489947',2123,,231,18,,,0
14019,'1489948',2203,,232,18,,,0
14019,'1489949',803,,233,18,,,0
14019,'1489950',843,,234,18,,,0
14019,'1489951',923,,235,18,,,0
14019,'1489952',1003,,236,18,,,0
14019,'1489953',1043,,237,18,,,0
14019,'1489954',1123,,238,18,,,0
14019,'1489955',1203,,239,18,,,0
14019,'1489956',1243,,240,18,,,0
14019,'1489957',1323,,241,18,,,0
14019,'1489958',1403,,242,18,,,0
14019,'1489959',1443,,243,18,,,0
14019,'1489960',1523,,244,18,,,0
14019,'1489961',1603,,245,18,,,0
14019,'1489962',1643,,246,18,,,0
14019,'1489963',1723,,247,18,,,0
14019,'1489964',1803,,248,18,,,0
14019,'1489965',1843,,249,18,,,0
14019,'1489966',1923,,250,18,,,0
14019,'1489967',2003,,251,18,,,0
14019,'1489968',2043,,252,18,,,0
14019,'1489969',2123,,253,18,,,0
14019,'1489970',2203,,254,18,,,0
