19019,'1489098',638,,308,8,,,0
19019,'1489099',718,,309,8,,,0
19019,'1489100',758,,310,8,,,0
19019,'1489101',838,,311,8,,,0
19019,'1489102',918,,312,8,,,0
19019,'1489103',958,,313,8,,,0
19019,'1489104',1038,,314,8,,,0
19019,'1489105',1118,,315,8,,,0
19019,'1489106',1158,,316,8,,,0
19019,'1489107',1238,,317,8,,,0
19019,'1489108',1318,,318,8,,,0
19019,'1489109',1358,,319,8,,,0
19019,'1489110',1438,,320,8,,,0
19019,'1489111',1518,,321,8,,,0
19019,'1489112',1558,,322,8,,,0
19019,'1489113',1638,,323,8,,,0
19019,'1489114',1718,,324,8,,,0
19019,'1489115',1758,,325,8,,,0
19019,'1489116',658,,326,8,,,0
19019,'1489117',738,,327,8,,,0
19019,'1489118',818,,328,8,,,0
19019,'1489119',858,,329,8,,,0
19019,'1489120',938,,330,8,,,0
19019,'1489121',1018,,331,8,,,0
19019,'1489122',1058,,332,8,,,0
19019,'1489123',1138,,333,8,,,0
19019,'1489124',1218,,334,8,,,0
19019,'1489125',1258,,335,8,,,0
19019,'1489126',1338,,336,8,,,0
19019,'1489127',1418,,337,8,,,0
19019,'1489128',1458,,338,8,,,0
19019,'1489129',1538,,339,8,,,0
19019,'1489130',1618,,340,8,,,0
19019,'1489131',1658,,341,8,,,0
19019,'1489132',1738,,342,8,,,0
19019,'1489362',638,,343,8,,,0
19019,'1489363',718,,344,8,,,0
19019,'1489364',758,,345,8,,,0
19019,'1489365',838,,346,8,,,0
19019,'1489366',918,,347,8,,,0
19019,'1489367',958,,348,8,,,0
19019,'1489368',1038,,349,8,,,0
19019,'1489369',1118,,350,8,,,0
19019,'1489370',1158,,351,8,,,0
19019,'1489371',1238,,352,8,,,0
19019,'1489372',1318,,353,8,,,0
19019,'1489373',1358,,354,8,,,0
19019,'1489374',1438,,355,8,,,0
19019,'1489375',1518,,356,8,,,0
19019,'1489376',1558,,357,8,,,0
19019,'1489377',1638,,358,8,,,0
19019,'1489378',1718,,359,8,,,0
19019,'1489379',1758,,360,8,,,0
19019,'1489380',658,,361,8,,,0
19019,'1489381',738,,362,8,,,0
19019,'1489382',818,,363,8,,,0
19019,'1489383',858,,364,8,,,0
19019,'1489384',938,,365,8,,,0
19019,'1489385',1018,,366,8,,,0
19019,'1489386',1058,,367,8,,,0
19019,'1489387',1138,,368,8,,,0
19019,'1489388',1218,,369,8,,,0
19019,'1489389',1258,,370,8,,,0
19019,'1489390',1338,,371,8,,,0
19019,'1489391',1418,,372,8,,,0
19019,'1489392',1458,,373,8,,,0
19019,'1489393',1538,,374,8,,,0
19019,'1489394',1618,,375,8,,,0
19019,'1489395',1658,,376,8,,,0
19019,'1489396',1738,,377,8,,,0
66019,'1489865',810,,412,9,,,0
66019,'1489866',840,,413,9,,,0
66019,'1489867',910,,414,9,,,0
66019,'1489868',940,,415,9,,,0
66019,'1489869',1010,,416,9,,,0
66019,'1489870',1040,,417,9,,,0
66019,'1489871',1110,,418,9,,,0
66019,'1489872',1140,,419,9,,,0
66019,'1489873',1210,,420,9,,,0
66019,'1489874',1240,,421,9,,,0
66019,'1489875',1310,,422,9,,,0
66019,'1489876',1340,,423,9,,,0
66019,'1489877',1410,,424,9,,,0
66019,'1489878',1440,,425,9,,,0
66019,'1489879',1510,,426,9,,,0
66019,'1489880',1540,,427,9,,,0
66019,'1489881',1610,,428,9,,,0
66019,'1489882',1640,,429,9,,,0
66019,'1489883',1710,,430,9,,,0
901019,'1480871',626,,454,6,0,6,0
901019,'1480872',746,,455,6,0,6,0
901019,'1489082',838,,456,40,0,16 17,0
901019,'1489083',958,,457,40,0,16 17,0
901019,'1489084',1118,,458,40,0,16 17,0
901019,'1489085',1238,,459,40,0,16 17,0
901019,'1489086',1358,,460,40,0,16 17,0
901019,'1489087',1518,,461,40,0,16 17,0
901019,'1489088',1638,,462,40,0,16 17,0
901019,'1489089',1758,,463,40,0,16 17,0
901019,'1489090',1918,,464,40,0,16 17,0
901019,'1489091',2038,,465,40,0,16 17,0
901019,'1489092',2158,,466,40,0,16 17,0
901019,'1489247',1918,,467,40,0,16 17,0
901019,'1489248',2038,,468,40,0,16 17,0
901019,'1489249',2158,,469,40,0,16 17,0
901019,'1492540',1918,,494,40,0,16 17,0
901019,'1492541',2038,,495,40,0,16 17,0
901019,'1492542',2158,,496,40,0,16 17,0
902019,'1488205',1838,,497,8,0,16 17,0
902019,'1488206',1958,,498,8,0,16 17,0
902019,'1488207',2118,,499,8,0,16 17,0
902019,'1492543',1838,,514,8,0,16 17,0
902019,'1492544',1958,,515,8,0,16 17,0
902019,'1492545',2118,,516,8,0,16 17,0
902019,'1492546',758,,517,8,0,16 17,0
902019,'1492547',918,,518,8,0,16 17,0
902019,'1492548',1038,,519,8,0,16 17,0
902019,'1492549',1158,,520,8,0,16 17,0
902019,'1492550',1318,,521,8,0,16 17,0
902019,'1492551',1438,,522,8,0,16 17,0
902019,'1492552',1558,,523,8,0,16 17,0
902019,'1492553',1718,,524,8,0,16 17,0
902019,'1492554',1838,,525,8,0,16 17,0
902019,'1492555',1958,,526,8,0,16 17,0
902019,'1492556',2118,,527,8,0,16 17,0
