15019,'1484063',700,,257,34,,,0
15019,'1484064',800,,258,34,,,0
15019,'1484065',900,,259,34,,,0
15019,'1484066',1000,,260,34,,,0
15019,'1484067',1100,,261,34,,,0
15019,'1484068',1200,,262,34,,,0
15019,'1484069',1300,,263,34,,,0
15019,'1484070',1400,,264,34,,,0
15019,'1484071',1500,,265,34,,,0
15019,'1484072',1600,,266,34,,,0
15019,'1484073',1700,,267,34,,,0
15019,'1484074',1800,,268,34,,,0
15019,'1489344',1900,,269,34,,,0
15019,'1489345',2000,,270,34,,,0
15019,'1489346',2100,,271,34,,,0
15019,'1489347',2200,,272,34,,,0
15019,'1489348',900,,273,34,,,0
15019,'1489349',1000,,274,34,,,0
15019,'1489350',1100,,275,34,,,0
15019,'1489351',1200,,276,34,,,0
15019,'1489352',1300,,277,34,,,0
15019,'1489353',1400,,278,34,,,0
15019,'1489354',1500,,279,34,,,0
15019,'1489355',1600,,280,34,,,0
15019,'1489356',1700,,281,34,,,0
15019,'1489357',1800,,282,34,,,0
15019,'1489358',1900,,283,34,,,0
15019,'1489359',2000,,284,34,,,0
15019,'1489360',2100,,285,34,,,0
15019,'1489361',2200,,286,34,,,0
