7019,'1489971',700,,113,24,0,7,0
7019,'1489972',740,,114,24,0,7,0
7019,'1489973',820,,115,24,0,7,0
7019,'1489974',900,,116,24,0,7,0
7019,'1489975',940,,117,24,0,7,0
7019,'1489976',1020,,118,24,0,7,0
7019,'1489983',1500,,119,24,0,7,0
7019,'1489984',1540,,120,24,0,7,0
7019,'1489985',1620,,121,24,0,7,0
7019,'1489986',1700,,122,24,0,7,0
7019,'1489987',1740,,123,24,0,7,0
7019,'1489988',1820,,124,24,0,7,0
7019,'1489995',820,,125,24,0,7,0
7019,'1489996',900,,126,24,0,7,0
7019,'1489997',940,,127,24,0,7,0
7019,'1489998',1020,,128,24,0,7,0
7019,'1489999',1100,,129,24,0,7,0
7019,'1490000',1140,,130,24,0,7,0
7019,'1490001',1220,,131,24,0,7,0
7019,'1490002',1300,,132,24,0,7,0
7019,'1490003',1340,,133,24,0,7,0
7019,'1490004',1420,,134,24,0,7,0
7019,'1490005',1500,,135,24,0,7,0
7019,'1490006',1540,,136,24,0,7,0
7019,'1490007',1620,,137,24,0,7,0
7019,'1490008',1700,,138,24,0,7,0
7019,'1490009',1740,,139,24,0,7,0
7019,'1490010',1820,,140,24,0,7,0
7019,'1492401',1300,,141,24,0,7,0
7019,'1492402',1340,,142,24,0,7,0
7019,'1492403',1420,,143,24,0,7,0
7019,'1492404',1700,,144,24,0,7,0
7019,'1492405',1740,,145,24,0,7,0
7019,'1492406',1820,,146,24,0,7,0
7019,'1492407',1300,,147,24,0,7,0
7019,'1492408',1340,,148,24,0,7,0
7019,'1492409',1420,,149,24,0,7,0
7019,'1492456',1100,,150,24,0,7,0
7019,'1492457',1140,,151,24,0,7,0
7019,'1492458',1220,,152,24,0,7,0
7019,'1492459',1500,,153,24,0,7,0
7019,'1492460',1540,,154,24,0,7,0
7019,'1492461',1620,,155,24,0,7,0
7019,'1492462',1100,,156,24,0,7,0
7019,'1492463',1140,,157,24,0,7,0
7019,'1492464',1220,,158,24,0,7,0
