4019,'1489036',633,,65,5,,,0
4019,'1489037',713,,66,5,,,0
4019,'1489038',753,,67,5,,,0
4019,'1489039',833,,68,5,,,0
4019,'1489040',913,,69,5,,,0
4019,'1489041',953,,70,5,,,0
4019,'1489042',1033,,71,5,,,0
4019,'1489043',1113,,72,5,,,0
4019,'1489044',1153,,73,5,,,0
4019,'1489045',1233,,74,5,,,0
4019,'1489046',1313,,75,5,,,0
4019,'1489047',1353,,76,5,,,0
4019,'1489048',1433,,77,5,,,0
4019,'1489049',1513,,78,5,,,0
4019,'1489050',1553,,79,5,,,0
4019,'1489051',1633,,80,5,,,0
4019,'1489052',1713,,81,5,,,0
4019,'1489053',1753,,82,5,,,0
4019,'1489054',1833,,83,5,,,0
4019,'1489055',1913,,84,5,,,0
4019,'1489056',1953,,85,5,,,0
4019,'1489057',2033,,86,5,,,0
4019,'1489058',2113,,87,5,,,0
4019,'1489059',2153,,88,5,,,0
4019,'1489060',753,,89,5,,,0
4019,'1489061',833,,90,5,,,0
4019,'1489062',913,,91,5,,,0
4019,'1489063',953,,92,5,,,0
4019,'1489064',1033,,93,5,,,0
4019,'1489065',1113,,94,5,,,0
4019,'1489066',1153,,95,5,,,0
4019,'1489067',1233,,96,5,,,0
4019,'1489068',1313,,97,5,,,0
4019,'1489069',1353,,98,5,,,0
4019,'1489070',1433,,99,5,,,0
4019,'1489071',1513,,100,5,,,0
4019,'1489072',1553,,101,5,,,0
4019,'1489073',1633,,102,5,,,0
4019,'1489074',1713,,103,5,,,0
4019,'1489075',1753,,104,5,,,0
4019,'1489076',1833,,105,5,,,0
4019,'1489077',1913,,106,5,,,0
4019,'1489078',1953,,107,5,,,0
4019,'1489079',2033,,108,5,,,0
4019,'1489080',2113,,109,5,,,0
4019,'1489081',2153,,110,5,,,0
