14019,'1489925',655,,209,20,,,0
14019,'1489926',735,,210,20,,,0
14019,'1489927',815,,211,20,,,0
14019,'1489928',855,,212,20,,,0
14019,'1489929',935,,213,20,,,0
14019,'1489930',1015,,214,20,,,0
14019,'1489931',1055,,215,20,,,0
14019,'1489932',1135,,216,20,,,0
14019,'1489933',1215,,217,20,,,0
14019,'1489934',1255,,218,20,,,0
14019,'1489935',1335,,219,20,,,0
14019,'1489936',1415,,220,20,,,0
14019,'1489937',1455,,221,20,,,0
14019,'1489938',1535,,222,20,,,0
14019,'1489939',1615,,223,20,,,0
14019,'1489940',1655,,224,20,,,0
14019,'1489941',1735,,225,20,,,0
14019,'1489942',1815,,226,20,,,0
14019,'1489943',1855,,227,20,,,0
14019,'1489944',1935,,228,20,,,0
14019,'1489945',2015,,229,20,,,0
14019,'1489946',2055,,230,20,,,0
14019,'1489947',2135,,231,20,,,0
14019,'1489948',2215,,232,20,,,0
14019,'1489949',815,,233,20,,,0
14019,'1489950',855,,234,20,,,0
14019,'1489951',935,,235,20,,,0
14019,'1489952',1015,,236,20,,,0
14019,'1489953',1055,,237,20,,,0
14019,'1489954',1135,,238,20,,,0
14019,'1489955',1215,,239,20,,,0
14019,'1489956',1255,,240,20,,,0
14019,'1489957',1335,,241,20,,,0
14019,'1489958',1415,,242,20,,,0
14019,'1489959',1455,,243,20,,,0
14019,'1489960',1535,,244,20,,,0
14019,'1489961',1615,,245,20,,,0
14019,'1489962',1655,,246,20,,,0
14019,'1489963',1735,,247,20,,,0
14019,'1489964',1815,,248,20,,,0
14019,'1489965',1855,,249,20,,,0
14019,'1489966',1935,,250,20,,,0
14019,'1489967',2015,,251,20,,,0
14019,'1489968',2055,,252,20,,,0
14019,'1489969',2135,,253,20,,,0
14019,'1489970',2215,,254,20,,,0
