66019,'1489865',822,,412,16,,,0
66019,'1489866',852,,413,16,,,0
66019,'1489867',922,,414,16,,,0
66019,'1489868',952,,415,16,,,0
66019,'1489869',1022,,416,16,,,0
66019,'1489870',1052,,417,16,,,0
66019,'1489871',1122,,418,16,,,0
66019,'1489872',1152,,419,16,,,0
66019,'1489873',1222,,420,16,,,0
66019,'1489874',1252,,421,16,,,0
66019,'1489875',1322,,422,16,,,0
66019,'1489876',1352,,423,16,,,0
66019,'1489877',1422,,424,16,,,0
66019,'1489878',1452,,425,16,,,0
66019,'1489879',1522,,426,16,,,0
66019,'1489880',1552,,427,16,,,0
66019,'1489881',1622,,428,16,,,0
66019,'1489882',1652,,429,16,,,0
66019,'1489883',1722,,430,16,,,0
