1019,'1482680',800,,3,5,0,18,0
1019,'1482681',840,,4,5,0,18,0
1019,'1482682',920,,5,5,0,18,0
1019,'1482683',1000,,6,5,0,18,0
1019,'1482684',1040,,7,5,0,18,0
1019,'1482685',1120,,8,5,0,18,0
1019,'1482686',1200,,9,5,0,18,0
1019,'1482687',1240,,10,5,0,18,0
1019,'1482688',1320,,11,5,0,18,0
1019,'1482689',1400,,12,5,0,18,0
1019,'1482690',1440,,13,5,0,18,0
1019,'1482691',1520,,14,5,0,18,0
1019,'1482692',1600,,15,5,0,18,0
1019,'1482693',1640,,16,5,0,18,0
1019,'1482694',1720,,17,5,0,18,0
1019,'1482695',1800,,18,5,0,18,0
1019,'1482696',1840,,19,5,0,18,0
1019,'1482697',1920,,20,5,0,18,0
1019,'1482698',2000,,21,5,0,18,0
1019,'1482699',2040,,22,5,0,18,0
1019,'1482700',2120,,23,5,0,18,0
1019,'1482701',2200,,24,5,0,18,0
2019,'1480619',622,,44,1,,,0
2019,'1486350',658,,45,30,,,0
2019,'1486351',738,,46,30,,,0
2019,'1486352',818,,47,30,,,0
2019,'1486353',858,,48,30,,,0
2019,'1486354',938,,49,30,,,0
2019,'1486355',1018,,50,30,,,0
2019,'1486356',1058,,51,30,,,0
2019,'1486357',1138,,52,30,,,0
2019,'1486358',1218,,53,30,,,0
2019,'1486359',1258,,54,30,,,0
2019,'1486360',1338,,55,30,,,0
2019,'1486361',1418,,56,30,,,0
2019,'1486362',1458,,57,30,,,0
2019,'1486363',1538,,58,30,,,0
2019,'1486364',1618,,59,30,,,0
2019,'1486365',1658,,60,30,,,0
2019,'1486366',1738,,61,30,,,0
2019,'1486958',1818,,62,30,,,0
