15019,'1480582',622,,255,3,0,6,0
15019,'1480583',822,,256,3,0,6,0
19019,'1489098',632,,308,3,,,0
19019,'1489099',712,,309,3,,,0
19019,'1489100',752,,310,3,,,0
19019,'1489101',832,,311,3,,,0
19019,'1489102',912,,312,3,,,0
19019,'1489103',952,,313,3,,,0
19019,'1489104',1032,,314,3,,,0
19019,'1489105',1112,,315,3,,,0
19019,'1489106',1152,,316,3,,,0
19019,'1489107',1232,,317,3,,,0
19019,'1489108',1312,,318,3,,,0
19019,'1489109',1352,,319,3,,,0
19019,'1489110',1432,,320,3,,,0
19019,'1489111',1512,,321,3,,,0
19019,'1489112',1552,,322,3,,,0
19019,'1489113',1632,,323,3,,,0
19019,'1489114',1712,,324,3,,,0
19019,'1489115',1752,,325,3,,,0
19019,'1489116',652,,326,3,,,0
19019,'1489117',732,,327,3,,,0
19019,'1489118',812,,328,3,,,0
19019,'1489119',852,,329,3,,,0
19019,'1489120',932,,330,3,,,0
19019,'1489121',1012,,331,3,,,0
19019,'1489122',1052,,332,3,,,0
19019,'1489123',1132,,333,3,,,0
19019,'1489124',1212,,334,3,,,0
19019,'1489125',1252,,335,3,,,0
19019,'1489126',1332,,336,3,,,0
19019,'1489127',1412,,337,3,,,0
19019,'1489128',1452,,338,3,,,0
19019,'1489129',1532,,339,3,,,0
19019,'1489130',1612,,340,3,,,0
19019,'1489131',1652,,341,3,,,0
19019,'1489132',1732,,342,3,,,0
66019,'1489865',817,,412,13,,,0
66019,'1489866',847,,413,13,,,0
66019,'1489867',917,,414,13,,,0
66019,'1489868',947,,415,13,,,0
66019,'1489869',1017,,416,13,,,0
66019,'1489870',1047,,417,13,,,0
66019,'1489871',1117,,418,13,,,0
66019,'1489872',1147,,419,13,,,0
66019,'1489873',1217,,420,13,,,0
66019,'1489874',1247,,421,13,,,0
66019,'1489875',1317,,422,13,,,0
66019,'1489876',1347,,423,13,,,0
66019,'1489877',1417,,424,13,,,0
66019,'1489878',1447,,425,13,,,0
66019,'1489879',1517,,426,13,,,0
66019,'1489880',1547,,427,13,,,0
66019,'1489881',1617,,428,13,,,0
66019,'1489882',1647,,429,13,,,0
66019,'1489883',1717,,430,13,,,0
901019,'1489082',832,,456,35,0,16 17,0
901019,'1489083',952,,457,35,0,16 17,0
901019,'1489084',1112,,458,35,0,16 17,0
901019,'1489085',1232,,459,35,0,16 17,0
901019,'1489086',1352,,460,35,0,16 17,0
901019,'1489087',1512,,461,35,0,16 17,0
901019,'1489088',1632,,462,35,0,16 17,0
901019,'1489089',1752,,463,35,0,16 17,0
901019,'1489090',1912,,464,35,0,16 17,0
901019,'1489091',2032,,465,35,0,16 17,0
901019,'1489092',2152,,466,35,0,16 17,0
901019,'1492540',1912,,494,35,0,16 17,0
901019,'1492541',2032,,495,35,0,16 17,0
901019,'1492542',2152,,496,35,0,16 17,0
902019,'1492543',1832,,514,3,0,16 17,0
902019,'1492544',1952,,515,3,0,16 17,0
902019,'1492545',2112,,516,3,0,16 17,0
902019,'1492546',752,,517,3,0,16 17,0
902019,'1492547',912,,518,3,0,16 17,0
902019,'1492548',1032,,519,3,0,16 17,0
902019,'1492549',1152,,520,3,0,16 17,0
902019,'1492550',1312,,521,3,0,16 17,0
902019,'1492551',1432,,522,3,0,16 17,0
902019,'1492552',1552,,523,3,0,16 17,0
902019,'1492553',1712,,524,3,0,16 17,0
902019,'1492554',1832,,525,3,0,16 17,0
902019,'1492555',1952,,526,3,0,16 17,0
902019,'1492556',2112,,527,3,0,16 17,0
