19019,'1489098',641,,308,10,,,0
19019,'1489099',721,,309,10,,,0
19019,'1489100',801,,310,10,,,0
19019,'1489101',841,,311,10,,,0
19019,'1489102',921,,312,10,,,0
19019,'1489103',1001,,313,10,,,0
19019,'1489104',1041,,314,10,,,0
19019,'1489105',1121,,315,10,,,0
19019,'1489106',1201,,316,10,,,0
19019,'1489107',1241,,317,10,,,0
19019,'1489108',1321,,318,10,,,0
19019,'1489109',1401,,319,10,,,0
19019,'1489110',1441,,320,10,,,0
19019,'1489111',1521,,321,10,,,0
19019,'1489112',1601,,322,10,,,0
19019,'1489113',1641,,323,10,,,0
19019,'1489114',1721,,324,10,,,0
19019,'1489115',1801,,325,10,,,0
19019,'1489116',701,,326,10,,,0
19019,'1489117',741,,327,10,,,0
19019,'1489118',821,,328,10,,,0
19019,'1489119',901,,329,10,,,0
19019,'1489120',941,,330,10,,,0
19019,'1489121',1021,,331,10,,,0
19019,'1489122',1101,,332,10,,,0
19019,'1489123',1141,,333,10,,,0
19019,'1489124',1221,,334,10,,,0
19019,'1489125',1301,,335,10,,,0
19019,'1489126',1341,,336,10,,,0
19019,'1489127',1421,,337,10,,,0
19019,'1489128',1501,,338,10,,,0
19019,'1489129',1541,,339,10,,,0
19019,'1489130',1621,,340,10,,,0
19019,'1489131',1701,,341,10,,,0
19019,'1489132',1741,,342,10,,,0
901019,'1489082',841,,456,42,0,16 17,0
901019,'1489083',1001,,457,42,0,16 17,0
901019,'1489084',1121,,458,42,0,16 17,0
901019,'1489085',1241,,459,42,0,16 17,0
901019,'1489086',1401,,460,42,0,16 17,0
901019,'1489087',1521,,461,42,0,16 17,0
901019,'1489088',1641,,462,42,0,16 17,0
901019,'1489089',1801,,463,42,0,16 17,0
901019,'1489090',1921,,464,42,0,16 17,0
901019,'1489091',2041,,465,42,0,16 17,0
901019,'1489092',2201,,466,42,0,16 17,0
901019,'1492540',1921,,494,42,0,16 17,0
901019,'1492541',2041,,495,42,0,16 17,0
901019,'1492542',2201,,496,42,0,16 17,0
902019,'1492543',1841,,514,10,0,16 17,0
902019,'1492544',2001,,515,10,0,16 17,0
902019,'1492545',2121,,516,10,0,16 17,0
902019,'1492546',801,,517,10,0,16 17,0
902019,'1492547',921,,518,10,0,16 17,0
902019,'1492548',1041,,519,10,0,16 17,0
902019,'1492549',1201,,520,10,0,16 17,0
902019,'1492550',1321,,521,10,0,16 17,0
902019,'1492551',1441,,522,10,0,16 17,0
902019,'1492552',1601,,523,10,0,16 17,0
902019,'1492553',1721,,524,10,0,16 17,0
902019,'1492554',1841,,525,10,0,16 17,0
902019,'1492555',2001,,526,10,0,16 17,0
902019,'1492556',2121,,527,10,0,16 17,0
