4019,'1489036',656,,65,19,,,0
4019,'1489037',736,,66,19,,,0
4019,'1489038',816,,67,19,,,0
4019,'1489039',856,,68,19,,,0
4019,'1489040',936,,69,19,,,0
4019,'1489041',1016,,70,19,,,0
4019,'1489042',1056,,71,19,,,0
4019,'1489043',1136,,72,19,,,0
4019,'1489044',1216,,73,19,,,0
4019,'1489045',1256,,74,19,,,0
4019,'1489046',1336,,75,19,,,0
4019,'1489047',1416,,76,19,,,0
4019,'1489048',1456,,77,19,,,0
4019,'1489049',1536,,78,19,,,0
4019,'1489050',1616,,79,19,,,0
4019,'1489051',1656,,80,19,,,0
4019,'1489052',1736,,81,19,,,0
4019,'1489053',1816,,82,19,,,0
4019,'1489054',1856,,83,19,,,0
4019,'1489055',1936,,84,19,,,0
4019,'1489056',2016,,85,19,,,0
4019,'1489057',2056,,86,19,,,0
4019,'1489058',2136,,87,19,,,0
4019,'1489059',2216,,88,19,,,0
4019,'1489060',816,,89,19,,,0
4019,'1489061',856,,90,19,,,0
4019,'1489062',936,,91,19,,,0
4019,'1489063',1016,,92,19,,,0
4019,'1489064',1056,,93,19,,,0
4019,'1489065',1136,,94,19,,,0
4019,'1489066',1216,,95,19,,,0
4019,'1489067',1256,,96,19,,,0
4019,'1489068',1336,,97,19,,,0
4019,'1489069',1416,,98,19,,,0
4019,'1489070',1456,,99,19,,,0
4019,'1489071',1536,,100,19,,,0
4019,'1489072',1616,,101,19,,,0
4019,'1489073',1656,,102,19,,,0
4019,'1489074',1736,,103,19,,,0
4019,'1489075',1816,,104,19,,,0
4019,'1489076',1856,,105,19,,,0
4019,'1489077',1936,,106,19,,,0
4019,'1489078',2016,,107,19,,,0
4019,'1489079',2056,,108,19,,,0
4019,'1489080',2136,,109,19,,,0
4019,'1489081',2216,,110,19,,,0
