7019,'1489971',652,,113,15,0,7,0
7019,'1489972',732,,114,15,0,7,0
7019,'1489973',812,,115,15,0,7,0
7019,'1489974',852,,116,15,0,7,0
7019,'1489975',932,,117,15,0,7,0
7019,'1489976',1012,,118,15,0,7,0
7019,'1489983',1452,,119,15,0,7,0
7019,'1489984',1532,,120,15,0,7,0
7019,'1489985',1612,,121,15,0,7,0
7019,'1489986',1652,,122,15,0,7,0
7019,'1489987',1732,,123,15,0,7,0
7019,'1489988',1812,,124,15,0,7,0
7019,'1489995',812,,125,15,0,7,0
7019,'1489996',852,,126,15,0,7,0
7019,'1489997',932,,127,15,0,7,0
7019,'1489998',1012,,128,15,0,7,0
7019,'1489999',1052,,129,15,0,7,0
7019,'1490000',1132,,130,15,0,7,0
7019,'1490001',1212,,131,15,0,7,0
7019,'1490002',1252,,132,15,0,7,0
7019,'1490003',1332,,133,15,0,7,0
7019,'1490004',1412,,134,15,0,7,0
7019,'1490005',1452,,135,15,0,7,0
7019,'1490006',1532,,136,15,0,7,0
7019,'1490007',1612,,137,15,0,7,0
7019,'1490008',1652,,138,15,0,7,0
7019,'1490009',1732,,139,15,0,7,0
7019,'1490010',1812,,140,15,0,7,0
7019,'1492401',1252,,141,15,0,7,0
7019,'1492402',1332,,142,15,0,7,0
7019,'1492403',1412,,143,15,0,7,0
7019,'1492404',1652,,144,15,0,7,0
7019,'1492405',1732,,145,15,0,7,0
7019,'1492406',1812,,146,15,0,7,0
7019,'1492407',1252,,147,15,0,7,0
7019,'1492408',1332,,148,15,0,7,0
7019,'1492409',1412,,149,15,0,7,0
7019,'1492456',1052,,150,15,0,7,0
7019,'1492457',1132,,151,15,0,7,0
7019,'1492458',1212,,152,15,0,7,0
7019,'1492459',1452,,153,15,0,7,0
7019,'1492460',1532,,154,15,0,7,0
7019,'1492461',1612,,155,15,0,7,0
7019,'1492462',1052,,156,15,0,7,0
7019,'1492463',1132,,157,15,0,7,0
7019,'1492464',1212,,158,15,0,7,0
