20019,'1492422',642,,378,12,,,0
20019,'1492423',722,,379,12,,,0
20019,'1492424',802,,380,12,,,0
20019,'1492425',842,,381,12,,,0
20019,'1492426',922,,382,12,,,0
20019,'1492427',1002,,383,12,,,0
20019,'1492428',1042,,384,12,,,0
20019,'1492429',1122,,385,12,,,0
20019,'1492430',1202,,386,12,,,0
20019,'1492431',1242,,387,12,,,0
20019,'1492432',1322,,388,12,,,0
20019,'1492433',1402,,389,12,,,0
20019,'1492434',1442,,390,12,,,0
20019,'1492435',1522,,391,12,,,0
20019,'1492436',1602,,392,12,,,0
20019,'1492437',1642,,393,12,,,0
20019,'1492438',1722,,394,12,,,0
20019,'1492439',1802,,395,12,,,0
20019,'1492440',802,,396,12,,,0
20019,'1492441',842,,397,12,,,0
20019,'1492442',922,,398,12,,,0
20019,'1492443',1002,,399,12,,,0
20019,'1492444',1042,,400,12,,,0
20019,'1492445',1122,,401,12,,,0
20019,'1492446',1202,,402,12,,,0
20019,'1492447',1242,,403,12,,,0
20019,'1492448',1322,,404,12,,,0
20019,'1492449',1402,,405,12,,,0
20019,'1492450',1442,,406,12,,,0
20019,'1492451',1522,,407,12,,,0
20019,'1492452',1602,,408,12,,,0
20019,'1492453',1642,,409,12,,,0
20019,'1492454',1722,,410,12,,,0
20019,'1492455',1802,,411,12,,,0
