1019,'1483501',747,,25,8,0,18,0
2019,'1486350',644,,45,20,,,0
2019,'1486351',724,,46,20,,,0
2019,'1486352',804,,47,20,,,0
2019,'1486353',844,,48,20,,,0
2019,'1486354',924,,49,20,,,0
2019,'1486355',1004,,50,20,,,0
2019,'1486356',1044,,51,20,,,0
2019,'1486357',1124,,52,20,,,0
2019,'1486358',1204,,53,20,,,0
2019,'1486359',1244,,54,20,,,0
2019,'1486360',1324,,55,20,,,0
2019,'1486361',1404,,56,20,,,0
2019,'1486362',1444,,57,20,,,0
2019,'1486363',1524,,58,20,,,0
2019,'1486364',1604,,59,20,,,0
2019,'1486365',1644,,60,20,,,0
2019,'1486366',1724,,61,20,,,0
2019,'1486958',1804,,62,20,,,0
4019,'1480746',625,,63,4,,,0
4019,'1480747',745,,64,4,,,0
