15019,'1484063',654,,257,30,,,0
15019,'1484064',754,,258,30,,,0
15019,'1484065',854,,259,30,,,0
15019,'1484066',954,,260,30,,,0
15019,'1484067',1054,,261,30,,,0
15019,'1484068',1154,,262,30,,,0
15019,'1484069',1254,,263,30,,,0
15019,'1484070',1354,,264,30,,,0
15019,'1484071',1454,,265,30,,,0
15019,'1484072',1554,,266,30,,,0
15019,'1484073',1654,,267,30,,,0
15019,'1484074',1754,,268,30,,,0
15019,'1489344',1854,,269,30,,,0
15019,'1489345',1954,,270,30,,,0
15019,'1489346',2054,,271,30,,,0
15019,'1489347',2154,,272,30,,,0
15019,'1489348',854,,273,30,,,0
15019,'1489349',954,,274,30,,,0
15019,'1489350',1054,,275,30,,,0
15019,'1489351',1154,,276,30,,,0
15019,'1489352',1254,,277,30,,,0
15019,'1489353',1354,,278,30,,,0
15019,'1489354',1454,,279,30,,,0
15019,'1489355',1554,,280,30,,,0
15019,'1489356',1654,,281,30,,,0
15019,'1489357',1754,,282,30,,,0
15019,'1489358',1854,,283,30,,,0
15019,'1489359',1954,,284,30,,,0
15019,'1489360',2054,,285,30,,,0
15019,'1489361',2154,,286,30,,,0
