14019,'1489925',642,,209,15,,,0
14019,'1489926',722,,210,15,,,0
14019,'1489927',802,,211,15,,,0
14019,'1489928',842,,212,15,,,0
14019,'1489929',922,,213,15,,,0
14019,'1489930',1002,,214,15,,,0
14019,'1489931',1042,,215,15,,,0
14019,'1489932',1122,,216,15,,,0
14019,'1489933',1202,,217,15,,,0
14019,'1489934',1242,,218,15,,,0
14019,'1489935',1322,,219,15,,,0
14019,'1489936',1402,,220,15,,,0
14019,'1489937',1442,,221,15,,,0
14019,'1489938',1522,,222,15,,,0
14019,'1489939',1602,,223,15,,,0
14019,'1489940',1642,,224,15,,,0
14019,'1489941',1722,,225,15,,,0
14019,'1489942',1802,,226,15,,,0
14019,'1489943',1842,,227,15,,,0
14019,'1489944',1922,,228,15,,,0
14019,'1489945',2002,,229,15,,,0
14019,'1489946',2042,,230,15,,,0
14019,'1489947',2122,,231,15,,,0
14019,'1489948',2202,,232,15,,,0
14019,'1489949',802,,233,15,,,0
14019,'1489950',842,,234,15,,,0
14019,'1489951',922,,235,15,,,0
14019,'1489952',1002,,236,15,,,0
14019,'1489953',1042,,237,15,,,0
14019,'1489954',1122,,238,15,,,0
14019,'1489955',1202,,239,15,,,0
14019,'1489956',1242,,240,15,,,0
14019,'1489957',1322,,241,15,,,0
14019,'1489958',1402,,242,15,,,0
14019,'1489959',1442,,243,15,,,0
14019,'1489960',1522,,244,15,,,0
14019,'1489961',1602,,245,15,,,0
14019,'1489962',1642,,246,15,,,0
14019,'1489963',1722,,247,15,,,0
14019,'1489964',1802,,248,15,,,0
14019,'1489965',1842,,249,15,,,0
14019,'1489966',1922,,250,15,,,0
14019,'1489967',2002,,251,15,,,0
14019,'1489968',2042,,252,15,,,0
14019,'1489969',2122,,253,15,,,0
14019,'1489970',2202,,254,15,,,0
