901019,'1489082',813,,456,20,0,6,0
901019,'1489083',933,,457,20,0,6,0
901019,'1489084',1053,,458,20,0,6,0
901019,'1489085',1213,,459,20,0,6,0
901019,'1489086',1333,,460,20,0,6,0
901019,'1489087',1453,,461,20,0,6,0
901019,'1489088',1613,,462,20,0,6,0
901019,'1489089',1733,,463,20,0,6,0
901019,'1489090',1853,,464,20,0,6,0
901019,'1489091',2013,,465,20,0,6,0
901019,'1489092',2133,,466,20,0,6,0
901019,'1492528',653,,482,20,0,6,0
901019,'1492529',753,,483,20,0,6,0
901019,'1492530',853,,484,20,0,6,0
901019,'1492531',953,,485,20,0,6,0
901019,'1492532',1053,,486,20,0,6,0
901019,'1492533',1153,,487,20,0,6,0
901019,'1492534',1253,,488,20,0,6,0
901019,'1492535',1353,,489,20,0,6,0
901019,'1492536',1453,,490,20,0,6,0
901019,'1492537',1553,,491,20,0,6,0
901019,'1492538',1653,,492,20,0,6,0
901019,'1492539',1753,,493,20,0,6,0
901019,'1492540',1853,,494,20,0,6,0
901019,'1492541',2013,,495,20,0,6,0
901019,'1492542',2133,,496,20,0,6,0
902019,'1488257',1813,,500,20,0,6,0
902019,'1489896',713,,503,20,0,6,0
902019,'1489897',813,,504,20,0,6,0
902019,'1489898',913,,505,20,0,6,0
902019,'1489899',1013,,506,20,0,6,0
902019,'1489900',1113,,507,20,0,6,0
902019,'1489901',1213,,508,20,0,6,0
902019,'1489902',1313,,509,20,0,6,0
902019,'1489903',1413,,510,20,0,6,0
902019,'1489904',1513,,511,20,0,6,0
902019,'1489905',1613,,512,20,0,6,0
902019,'1489906',1713,,513,20,0,6,0
902019,'1492543',1933,,514,46,0,6,0
902019,'1492544',2053,,515,46,0,6,0
902019,'1492545',2213,,516,46,0,6,0
902019,'1492546',853,,517,46,0,6,0
902019,'1492547',1013,,518,46,0,6,0
902019,'1492548',1133,,519,46,0,6,0
902019,'1492549',1253,,520,46,0,6,0
902019,'1492550',1413,,521,46,0,6,0
902019,'1492551',1533,,522,46,0,6,0
902019,'1492552',1653,,523,46,0,6,0
902019,'1492553',1813,,524,46,0,6,0
902019,'1492554',1933,,525,46,0,6,0
902019,'1492555',2053,,526,46,0,6,0
902019,'1492556',2213,,527,46,0,6,0
903019,'1492557',733,,443,20,,,0
903019,'1492558',833,,444,20,,,0
903019,'1492559',933,,445,20,,,0
903019,'1492560',1033,,446,20,,,0
903019,'1492561',1133,,447,20,,,0
903019,'1492562',1233,,448,20,,,0
903019,'1492563',1333,,449,20,,,0
903019,'1492564',1433,,450,20,,,0
903019,'1492565',1533,,451,20,,,0
903019,'1492566',1633,,452,20,,,0
903019,'1492567',1733,,453,20,,,0
