66019,'1489865',805,,412,4,,,0
66019,'1489866',835,,413,4,,,0
66019,'1489867',905,,414,4,,,0
66019,'1489868',935,,415,4,,,0
66019,'1489869',1005,,416,4,,,0
66019,'1489870',1035,,417,4,,,0
66019,'1489871',1105,,418,4,,,0
66019,'1489872',1135,,419,4,,,0
66019,'1489873',1205,,420,4,,,0
66019,'1489874',1235,,421,4,,,0
66019,'1489875',1305,,422,4,,,0
66019,'1489876',1335,,423,4,,,0
66019,'1489877',1405,,424,4,,,0
66019,'1489878',1435,,425,4,,,0
66019,'1489879',1505,,426,4,,,0
66019,'1489880',1535,,427,4,,,0
66019,'1489881',1605,,428,4,,,0
66019,'1489882',1635,,429,4,,,0
66019,'1489883',1705,,430,4,,,0
