1019,'1483501',746,,25,7,0,18,0
2019,'1486350',644,,45,19,,,0
2019,'1486351',724,,46,19,,,0
2019,'1486352',804,,47,19,,,0
2019,'1486353',844,,48,19,,,0
2019,'1486354',924,,49,19,,,0
2019,'1486355',1004,,50,19,,,0
2019,'1486356',1044,,51,19,,,0
2019,'1486357',1124,,52,19,,,0
2019,'1486358',1204,,53,19,,,0
2019,'1486359',1244,,54,19,,,0
2019,'1486360',1324,,55,19,,,0
2019,'1486361',1404,,56,19,,,0
2019,'1486362',1444,,57,19,,,0
2019,'1486363',1524,,58,19,,,0
2019,'1486364',1604,,59,19,,,0
2019,'1486365',1644,,60,19,,,0
2019,'1486366',1724,,61,19,,,0
2019,'1486958',1804,,62,19,,,0
4019,'1480746',624,,63,3,,,0
4019,'1480747',744,,64,3,,,0
