4019,'1489036',705,,65,30,,,0
4019,'1489037',745,,66,30,,,0
4019,'1489038',825,,67,30,,,0
4019,'1489039',905,,68,30,,,0
4019,'1489040',945,,69,30,,,0
4019,'1489041',1025,,70,30,,,0
4019,'1489042',1105,,71,30,,,0
4019,'1489043',1145,,72,30,,,0
4019,'1489044',1225,,73,30,,,0
4019,'1489045',1305,,74,30,,,0
4019,'1489046',1345,,75,30,,,0
4019,'1489047',1425,,76,30,,,0
4019,'1489048',1505,,77,30,,,0
4019,'1489049',1545,,78,30,,,0
4019,'1489050',1625,,79,30,,,0
4019,'1489051',1705,,80,30,,,0
4019,'1489052',1745,,81,30,,,0
4019,'1489053',1825,,82,30,,,0
4019,'1489054',1905,,83,30,,,0
4019,'1489055',1945,,84,30,,,0
4019,'1489056',2025,,85,30,,,0
4019,'1489057',2105,,86,30,,,0
4019,'1489058',2145,,87,30,,,0
4019,'1489059',2225,,88,30,,,0
4019,'1489060',825,,89,30,,,0
4019,'1489061',905,,90,30,,,0
4019,'1489062',945,,91,30,,,0
4019,'1489063',1025,,92,30,,,0
4019,'1489064',1105,,93,30,,,0
4019,'1489065',1145,,94,30,,,0
4019,'1489066',1225,,95,30,,,0
4019,'1489067',1305,,96,30,,,0
4019,'1489068',1345,,97,30,,,0
4019,'1489069',1425,,98,30,,,0
4019,'1489070',1505,,99,30,,,0
4019,'1489071',1545,,100,30,,,0
4019,'1489072',1625,,101,30,,,0
4019,'1489073',1705,,102,30,,,0
4019,'1489074',1745,,103,30,,,0
4019,'1489075',1825,,104,30,,,0
4019,'1489076',1905,,105,30,,,0
4019,'1489077',1945,,106,30,,,0
4019,'1489078',2025,,107,30,,,0
4019,'1489079',2105,,108,30,,,0
4019,'1489080',2145,,109,30,,,0
4019,'1489081',2225,,110,30,,,0
