12019,'1490514',727,,172,19,0,12 13,0
12019,'1490515',827,,173,19,0,12 13,0
12019,'1490516',927,,174,19,0,12 13,0
12019,'1490517',1027,,175,19,0,12 13,0
12019,'1490533',1527,,176,19,0,12 13,0
12019,'1490534',1627,,177,19,0,12 13,0
12019,'1490535',1727,,178,19,0,12 13,0
12019,'1490536',1827,,179,19,0,12 13,0
12019,'1492410',1127,,180,19,0,12 13,0
12019,'1492411',1227,,181,19,0,12 13,0
12019,'1492465',1327,,182,19,0,12 13,0
12019,'1492466',1427,,183,19,0,12 13,0
12019,'1492505',727,,184,19,0,12 13,0
12019,'1492506',827,,185,19,0,12 13,0
12019,'1492507',1127,,186,19,0,12 13,0
12019,'1492508',1227,,187,19,0,12 13,0
12019,'1492509',1527,,188,19,0,12 13,0
12019,'1492510',1627,,189,19,0,12 13,0
12019,'1492511',827,,190,19,0,12 13,0
12019,'1492512',1127,,191,19,0,12 13,0
12019,'1492513',1227,,192,19,0,12 13,0
12019,'1492514',1527,,193,19,0,12 13,0
12019,'1492515',1627,,194,19,0,12 13,0
12019,'1492516',927,,195,19,0,12 13,0
12019,'1492517',1027,,196,19,0,12 13,0
12019,'1492518',1327,,197,19,0,12 13,0
12019,'1492519',1427,,198,19,0,12 13,0
12019,'1492520',1727,,199,19,0,12 13,0
12019,'1492521',1827,,200,19,0,12 13,0
12019,'1492522',927,,201,19,0,12 13,0
12019,'1492523',1027,,202,19,0,12 13,0
12019,'1492524',1327,,203,19,0,12 13,0
12019,'1492525',1427,,204,19,0,12 13,0
12019,'1492526',1727,,205,19,0,12 13,0
12019,'1492527',1827,,206,19,0,12 13,0
