12019,'1492505',715,,184,8,0,12 13,0
12019,'1492506',815,,185,8,0,12 13,0
12019,'1492507',1115,,186,8,0,12 13,0
12019,'1492508',1215,,187,8,0,12 13,0
12019,'1492509',1515,,188,8,0,12 13,0
12019,'1492510',1615,,189,8,0,12 13,0
12019,'1492511',815,,190,8,0,12 13,0
12019,'1492512',1115,,191,8,0,12 13,0
12019,'1492513',1215,,192,8,0,12 13,0
12019,'1492514',1515,,193,8,0,12 13,0
12019,'1492515',1615,,194,8,0,12 13,0
12019,'1492516',915,,195,8,0,12 13,0
12019,'1492517',1015,,196,8,0,12 13,0
12019,'1492518',1315,,197,8,0,12 13,0
12019,'1492519',1415,,198,8,0,12 13,0
12019,'1492520',1715,,199,8,0,12 13,0
12019,'1492521',1815,,200,8,0,12 13,0
12019,'1492522',915,,201,8,0,12 13,0
12019,'1492523',1015,,202,8,0,12 13,0
12019,'1492524',1315,,203,8,0,12 13,0
12019,'1492525',1415,,204,8,0,12 13,0
12019,'1492526',1715,,205,8,0,12 13,0
12019,'1492527',1815,,206,8,0,12 13,0
