901019,'1489082',812,,456,19,0,6,0
901019,'1489083',932,,457,19,0,6,0
901019,'1489084',1052,,458,19,0,6,0
901019,'1489085',1212,,459,19,0,6,0
901019,'1489086',1332,,460,19,0,6,0
901019,'1489087',1452,,461,19,0,6,0
901019,'1489088',1612,,462,19,0,6,0
901019,'1489089',1732,,463,19,0,6,0
901019,'1489090',1852,,464,19,0,6,0
901019,'1489091',2012,,465,19,0,6,0
901019,'1489092',2132,,466,19,0,6,0
901019,'1492528',652,,482,19,0,6,0
901019,'1492529',752,,483,19,0,6,0
901019,'1492530',852,,484,19,0,6,0
901019,'1492531',952,,485,19,0,6,0
901019,'1492532',1052,,486,19,0,6,0
901019,'1492533',1152,,487,19,0,6,0
901019,'1492534',1252,,488,19,0,6,0
901019,'1492535',1352,,489,19,0,6,0
901019,'1492536',1452,,490,19,0,6,0
901019,'1492537',1552,,491,19,0,6,0
901019,'1492538',1652,,492,19,0,6,0
901019,'1492539',1752,,493,19,0,6,0
901019,'1492540',1852,,494,19,0,6,0
901019,'1492541',2012,,495,19,0,6,0
901019,'1492542',2132,,496,19,0,6,0
902019,'1488257',1812,,500,19,0,6,0
902019,'1489896',712,,503,19,0,6,0
902019,'1489897',812,,504,19,0,6,0
902019,'1489898',912,,505,19,0,6,0
902019,'1489899',1012,,506,19,0,6,0
902019,'1489900',1112,,507,19,0,6,0
902019,'1489901',1212,,508,19,0,6,0
902019,'1489902',1312,,509,19,0,6,0
902019,'1489903',1412,,510,19,0,6,0
902019,'1489904',1512,,511,19,0,6,0
902019,'1489905',1612,,512,19,0,6,0
902019,'1489906',1712,,513,19,0,6,0
902019,'1492543',1932,,514,45,0,6,0
902019,'1492544',2052,,515,45,0,6,0
902019,'1492545',2212,,516,45,0,6,0
902019,'1492546',852,,517,45,0,6,0
902019,'1492547',1012,,518,45,0,6,0
902019,'1492548',1132,,519,45,0,6,0
902019,'1492549',1252,,520,45,0,6,0
902019,'1492550',1412,,521,45,0,6,0
902019,'1492551',1532,,522,45,0,6,0
902019,'1492552',1652,,523,45,0,6,0
902019,'1492553',1812,,524,45,0,6,0
902019,'1492554',1932,,525,45,0,6,0
902019,'1492555',2052,,526,45,0,6,0
902019,'1492556',2212,,527,45,0,6,0
903019,'1492557',732,,443,19,,,0
903019,'1492558',832,,444,19,,,0
903019,'1492559',932,,445,19,,,0
903019,'1492560',1032,,446,19,,,0
903019,'1492561',1132,,447,19,,,0
903019,'1492562',1232,,448,19,,,0
903019,'1492563',1332,,449,19,,,0
903019,'1492564',1432,,450,19,,,0
903019,'1492565',1532,,451,19,,,0
903019,'1492566',1632,,452,19,,,0
903019,'1492567',1732,,453,19,,,0
