1019,'1482680',807,,3,16,0,11,0
1019,'1482681',847,,4,16,0,11,0
1019,'1482682',927,,5,16,0,11,0
1019,'1482683',1007,,6,16,0,11,0
1019,'1482684',1047,,7,16,0,11,0
1019,'1482685',1127,,8,16,0,11,0
1019,'1482686',1207,,9,16,0,11,0
1019,'1482687',1247,,10,16,0,11,0
1019,'1482688',1327,,11,16,0,11,0
1019,'1482689',1407,,12,16,0,11,0
1019,'1482690',1447,,13,16,0,11,0
1019,'1482691',1527,,14,16,0,11,0
1019,'1482692',1607,,15,16,0,11,0
1019,'1482693',1647,,16,16,0,11,0
1019,'1482694',1727,,17,16,0,11,0
1019,'1482695',1807,,18,16,0,11,0
1019,'1482696',1847,,19,16,0,11,0
1019,'1482697',1927,,20,16,0,11,0
1019,'1482698',2007,,21,16,0,11,0
1019,'1482699',2047,,22,16,0,11,0
1019,'1482700',2127,,23,16,0,11,0
1019,'1482701',2207,,24,16,0,11,0
1019,'1485865',647,,26,19,0,11,0
1019,'1485866',727,,27,19,0,11,0
1019,'1485867',807,,28,19,0,11,0
1019,'1485868',847,,29,19,0,11,0
1019,'1485869',927,,30,19,0,11,0
1019,'1485870',1007,,31,19,0,11,0
1019,'1485871',1047,,32,19,0,11,0
1019,'1485872',1127,,33,19,0,11,0
1019,'1485873',1207,,34,19,0,11,0
1019,'1485874',1247,,35,19,0,11,0
1019,'1485875',1327,,36,19,0,11,0
1019,'1485876',1407,,37,19,0,11,0
1019,'1485877',1447,,38,19,0,11,0
1019,'1485878',1527,,39,19,0,11,0
1019,'1485879',1607,,40,19,0,11,0
1019,'1485880',1647,,41,19,0,11,0
1019,'1485881',1727,,42,19,0,11,0
1019,'1485882',1807,,43,19,0,11,0
10019,'1480547',646,,159,14,,,0
10019,'1480551',1526,,160,14,,,0
10019,'1483448',646,,161,14,,,0
10019,'1483449',1526,,162,14,,,0
10029,'1486951',708,,163,20,,,0
10029,'1486952',728,,164,20,,,0
10029,'1486953',748,,165,20,,,0
10029,'1486954',1548,,166,20,,,0
10029,'1486955',1608,,167,20,,,0
10029,'1486956',1628,,168,20,,,0
10029,'1486957',1648,,169,20,,,0
