2019,'1480619',626,,44,7,,,0
2019,'1486350',704,,45,36,,,0
2019,'1486351',744,,46,36,,,0
2019,'1486352',824,,47,36,,,0
2019,'1486353',904,,48,36,,,0
2019,'1486354',944,,49,36,,,0
2019,'1486355',1024,,50,36,,,0
2019,'1486356',1104,,51,36,,,0
2019,'1486357',1144,,52,36,,,0
2019,'1486358',1224,,53,36,,,0
2019,'1486359',1304,,54,36,,,0
2019,'1486360',1344,,55,36,,,0
2019,'1486361',1424,,56,36,,,0
2019,'1486362',1504,,57,36,,,0
2019,'1486363',1544,,58,36,,,0
2019,'1486364',1624,,59,36,,,0
2019,'1486365',1704,,60,36,,,0
2019,'1486366',1744,,61,36,,,0
2019,'1486958',1824,,62,36,,,0
