12019,'1490514',717,,172,9,0,12 13,0
12019,'1490515',817,,173,9,0,12 13,0
12019,'1490516',917,,174,9,0,12 13,0
12019,'1490517',1017,,175,9,0,12 13,0
12019,'1490533',1517,,176,9,0,12 13,0
12019,'1490534',1617,,177,9,0,12 13,0
12019,'1490535',1717,,178,9,0,12 13,0
12019,'1490536',1817,,179,9,0,12 13,0
12019,'1492410',1117,,180,9,0,12 13,0
12019,'1492411',1217,,181,9,0,12 13,0
12019,'1492465',1317,,182,9,0,12 13,0
12019,'1492466',1417,,183,9,0,12 13,0
12019,'1492505',717,,184,9,0,12 13,0
12019,'1492506',817,,185,9,0,12 13,0
12019,'1492507',1117,,186,9,0,12 13,0
12019,'1492508',1217,,187,9,0,12 13,0
12019,'1492509',1517,,188,9,0,12 13,0
12019,'1492510',1617,,189,9,0,12 13,0
12019,'1492511',817,,190,9,0,12 13,0
12019,'1492512',1117,,191,9,0,12 13,0
12019,'1492513',1217,,192,9,0,12 13,0
12019,'1492514',1517,,193,9,0,12 13,0
12019,'1492515',1617,,194,9,0,12 13,0
12019,'1492516',917,,195,9,0,12 13,0
12019,'1492517',1017,,196,9,0,12 13,0
12019,'1492518',1317,,197,9,0,12 13,0
12019,'1492519',1417,,198,9,0,12 13,0
12019,'1492520',1717,,199,9,0,12 13,0
12019,'1492521',1817,,200,9,0,12 13,0
12019,'1492522',917,,201,9,0,12 13,0
12019,'1492523',1017,,202,9,0,12 13,0
12019,'1492524',1317,,203,9,0,12 13,0
12019,'1492525',1417,,204,9,0,12 13,0
12019,'1492526',1717,,205,9,0,12 13,0
12019,'1492527',1817,,206,9,0,12 13,0
