1019,'1482680',809,,3,17,0,11,0
1019,'1482681',849,,4,17,0,11,0
1019,'1482682',929,,5,17,0,11,0
1019,'1482683',1009,,6,17,0,11,0
1019,'1482684',1049,,7,17,0,11,0
1019,'1482685',1129,,8,17,0,11,0
1019,'1482686',1209,,9,17,0,11,0
1019,'1482687',1249,,10,17,0,11,0
1019,'1482688',1329,,11,17,0,11,0
1019,'1482689',1409,,12,17,0,11,0
1019,'1482690',1449,,13,17,0,11,0
1019,'1482691',1529,,14,17,0,11,0
1019,'1482692',1609,,15,17,0,11,0
1019,'1482693',1649,,16,17,0,11,0
1019,'1482694',1729,,17,17,0,11,0
1019,'1482695',1809,,18,17,0,11,0
1019,'1482696',1849,,19,17,0,11,0
1019,'1482697',1929,,20,17,0,11,0
1019,'1482698',2009,,21,17,0,11,0
1019,'1482699',2049,,22,17,0,11,0
1019,'1482700',2129,,23,17,0,11,0
1019,'1482701',2209,,24,17,0,11,0
1019,'1485865',650,,26,20,0,11,0
1019,'1485866',730,,27,20,0,11,0
1019,'1485867',810,,28,20,0,11,0
1019,'1485868',850,,29,20,0,11,0
1019,'1485869',930,,30,20,0,11,0
1019,'1485870',1010,,31,20,0,11,0
1019,'1485871',1050,,32,20,0,11,0
1019,'1485872',1130,,33,20,0,11,0
1019,'1485873',1210,,34,20,0,11,0
1019,'1485874',1250,,35,20,0,11,0
1019,'1485875',1330,,36,20,0,11,0
1019,'1485876',1410,,37,20,0,11,0
1019,'1485877',1450,,38,20,0,11,0
1019,'1485878',1530,,39,20,0,11,0
1019,'1485879',1610,,40,20,0,11,0
1019,'1485880',1650,,41,20,0,11,0
1019,'1485881',1730,,42,20,0,11,0
1019,'1485882',1810,,43,20,0,11,0
2019,'1480619',630,,44,11,4,,0
2019,'1486350',630,,45,1,,,0,80,,45,40,4,,0
2019,'1486351',710,,46,1,,,0,40,,46,40,4,,0
2019,'1486352',750,,47,1,,,0,80,,47,40,4,,0
2019,'1486353',830,,48,1,,,0,80,,48,40,4,,0
2019,'1486354',910,,49,1,,,0,40,,49,40,4,,0
2019,'1486355',950,,50,1,,,0,80,,50,40,4,,0
2019,'1486356',1030,,51,1,,,0,80,,51,40,4,,0
2019,'1486357',1110,,52,1,,,0,40,,52,40,4,,0
2019,'1486358',1150,,53,1,,,0,80,,53,40,4,,0
2019,'1486359',1230,,54,1,,,0,80,,54,40,4,,0
2019,'1486360',1310,,55,1,,,0,40,,55,40,4,,0
2019,'1486361',1350,,56,1,,,0,80,,56,40,4,,0
2019,'1486362',1430,,57,1,,,0,80,,57,40,4,,0
2019,'1486363',1510,,58,1,,,0,40,,58,40,4,,0
2019,'1486364',1550,,59,1,,,0,80,,59,40,4,,0
2019,'1486365',1630,,60,1,,,0,80,,60,40,4,,0
2019,'1486366',1710,,61,1,,,0,40,,61,40,4,,0
2019,'1486958',1750,,62,1,,,0,80,,62,40,4,,0
4019,'1489036',649,,65,15,,,0
4019,'1489037',729,,66,15,,,0
4019,'1489038',809,,67,15,,,0
4019,'1489039',849,,68,15,,,0
4019,'1489040',929,,69,15,,,0
4019,'1489041',1009,,70,15,,,0
4019,'1489042',1049,,71,15,,,0
4019,'1489043',1129,,72,15,,,0
4019,'1489044',1209,,73,15,,,0
4019,'1489045',1249,,74,15,,,0
4019,'1489046',1329,,75,15,,,0
4019,'1489047',1409,,76,15,,,0
4019,'1489048',1449,,77,15,,,0
4019,'1489049',1529,,78,15,,,0
4019,'1489050',1609,,79,15,,,0
4019,'1489051',1649,,80,15,,,0
4019,'1489052',1729,,81,15,,,0
4019,'1489053',1809,,82,15,,,0
4019,'1489054',1849,,83,15,,,0
4019,'1489055',1929,,84,15,,,0
4019,'1489056',2009,,85,15,,,0
4019,'1489057',2049,,86,15,,,0
4019,'1489058',2129,,87,15,,,0
4019,'1489059',2209,,88,15,,,0
4019,'1489060',809,,89,15,,,0
4019,'1489061',849,,90,15,,,0
4019,'1489062',929,,91,15,,,0
4019,'1489063',1009,,92,15,,,0
4019,'1489064',1049,,93,15,,,0
4019,'1489065',1129,,94,15,,,0
4019,'1489066',1209,,95,15,,,0
4019,'1489067',1249,,96,15,,,0
4019,'1489068',1329,,97,15,,,0
4019,'1489069',1409,,98,15,,,0
4019,'1489070',1449,,99,15,,,0
4019,'1489071',1529,,100,15,,,0
4019,'1489072',1609,,101,15,,,0
4019,'1489073',1649,,102,15,,,0
4019,'1489074',1729,,103,15,,,0
4019,'1489075',1809,,104,15,,,0
4019,'1489076',1849,,105,15,,,0
4019,'1489077',1929,,106,15,,,0
4019,'1489078',2009,,107,15,,,0
4019,'1489079',2049,,108,15,,,0
4019,'1489080',2129,,109,15,,,0
4019,'1489081',2209,,110,15,,,0
10019,'1483448',650,,161,15,4,,0
10019,'1483449',1530,,162,15,4,,0
10019,'1486951',650,,163,1,,,0,60,,163,21,4,,0
10019,'1486952',710,,164,1,,,0,20,,164,21,4,,0
10019,'1486953',730,,165,1,,,0,20,,165,21,4,,0
10019,'1486954',1530,,166,1,,,0,20,,166,21,4,,0
10019,'1486955',1550,,167,1,,,0,60,,167,21,4,,0
10019,'1486956',1610,,168,1,,,0,20,,168,21,4,,0
10019,'1486957',1630,,169,1,,,0,20,,169,21,4,,0
66019,'1489865',800,,412,1,,,0,30,,412,20,4,,0
66019,'1489866',830,,413,1,,,0,70,,413,20,4,,0
66019,'1489867',900,,414,1,,,0,30,,414,20,4,,0
66019,'1489868',930,,415,1,,,0,70,,415,20,4,,0
66019,'1489869',1000,,416,1,,,0,30,,416,20,4,,0
66019,'1489870',1030,,417,1,,,0,70,,417,20,4,,0
66019,'1489871',1100,,418,1,,,0,30,,418,20,4,,0
66019,'1489872',1130,,419,1,,,0,70,,419,20,4,,0
66019,'1489873',1200,,420,1,,,0,30,,420,20,4,,0
66019,'1489874',1230,,421,1,,,0,70,,421,20,4,,0
66019,'1489875',1300,,422,1,,,0,30,,422,20,4,,0
66019,'1489876',1330,,423,1,,,0,70,,423,20,4,,0
66019,'1489877',1400,,424,1,,,0,30,,424,20,4,,0
66019,'1489878',1430,,425,1,,,0,70,,425,20,4,,0
66019,'1489879',1500,,426,1,,,0,30,,426,20,4,,0
66019,'1489880',1530,,427,1,,,0,70,,427,20,4,,0
66019,'1489881',1600,,428,1,,,0,30,,428,20,4,,0
66019,'1489882',1630,,429,1,,,0,70,,429,20,4,,0
66019,'1489883',1700,,430,1,,,0,30,,430,20,4,,0
901019,'1489082',810,,456,18,0,6,0
901019,'1489083',930,,457,18,0,6,0
901019,'1489084',1050,,458,18,0,6,0
901019,'1489085',1210,,459,18,0,6,0
901019,'1489086',1330,,460,18,0,6,0
901019,'1489087',1450,,461,18,0,6,0
901019,'1489088',1610,,462,18,0,6,0
901019,'1489089',1730,,463,18,0,6,0
901019,'1489090',1850,,464,18,0,6,0
901019,'1489091',2010,,465,18,0,6,0
901019,'1489092',2130,,466,18,0,6,0
901019,'1492528',650,,482,18,0,6,0
901019,'1492529',750,,483,18,0,6,0
901019,'1492530',850,,484,18,0,6,0
901019,'1492531',950,,485,18,0,6,0
901019,'1492532',1050,,486,18,0,6,0
901019,'1492533',1150,,487,18,0,6,0
901019,'1492534',1250,,488,18,0,6,0
901019,'1492535',1350,,489,18,0,6,0
901019,'1492536',1450,,490,18,0,6,0
901019,'1492537',1550,,491,18,0,6,0
901019,'1492538',1650,,492,18,0,6,0
901019,'1492539',1750,,493,18,0,6,0
902019,'1488257',1810,,500,18,0,6,0
902019,'1489896',710,,503,18,0,6,0
902019,'1489897',810,,504,18,0,6,0
902019,'1489898',910,,505,18,0,6,0
902019,'1489899',1010,,506,18,0,6,0
902019,'1489900',1110,,507,18,0,6,0
902019,'1489901',1210,,508,18,0,6,0
902019,'1489902',1310,,509,18,0,6,0
902019,'1489903',1410,,510,18,0,6,0
902019,'1489904',1510,,511,18,0,6,0
902019,'1489905',1610,,512,18,0,6,0
902019,'1489906',1710,,513,18,0,6,0
902019,'1492543',1930,,514,44,0,6,0
902019,'1492544',2050,,515,44,0,6,0
902019,'1492545',2210,,516,44,0,6,0
902019,'1492546',850,,517,44,0,6,0
902019,'1492547',1010,,518,44,0,6,0
902019,'1492548',1130,,519,44,0,6,0
902019,'1492549',1250,,520,44,0,6,0
902019,'1492550',1410,,521,44,0,6,0
902019,'1492551',1530,,522,44,0,6,0
902019,'1492552',1650,,523,44,0,6,0
902019,'1492553',1810,,524,44,0,6,0
902019,'1492554',1930,,525,44,0,6,0
902019,'1492555',2050,,526,44,0,6,0
902019,'1492556',2210,,527,44,0,6,0
30000019,'1486494',915,,528,1,,,0,100,,528,28,4,,0
30000019,'1486495',1015,,529,1,,,0,100,,529,28,4,,0
30000019,'1486496',1115,,530,1,,,0,100,,530,28,4,,0
30000019,'1486497',1215,,531,1,,,0,100,,531,28,4,,0
30000019,'1486498',1315,,532,1,,,0,100,,532,28,4,,0
30000019,'1486499',1415,,533,1,,,0,100,,533,28,4,,0
30000019,'1486500',1515,,534,1,,,0,100,,534,28,4,,0
30000019,'1486501',1615,,535,1,,,0,100,,535,28,4,,0
