14019,'1489925',657,,209,23,,,0
14019,'1489926',737,,210,23,,,0
14019,'1489927',817,,211,23,,,0
14019,'1489928',857,,212,23,,,0
14019,'1489929',937,,213,23,,,0
14019,'1489930',1017,,214,23,,,0
14019,'1489931',1057,,215,23,,,0
14019,'1489932',1137,,216,23,,,0
14019,'1489933',1217,,217,23,,,0
14019,'1489934',1257,,218,23,,,0
14019,'1489935',1337,,219,23,,,0
14019,'1489936',1417,,220,23,,,0
14019,'1489937',1457,,221,23,,,0
14019,'1489938',1537,,222,23,,,0
14019,'1489939',1617,,223,23,,,0
14019,'1489940',1657,,224,23,,,0
14019,'1489941',1737,,225,23,,,0
14019,'1489942',1817,,226,23,,,0
14019,'1489943',1857,,227,23,,,0
14019,'1489944',1937,,228,23,,,0
14019,'1489945',2017,,229,23,,,0
14019,'1489946',2057,,230,23,,,0
14019,'1489947',2137,,231,23,,,0
14019,'1489948',2217,,232,23,,,0
14019,'1489949',817,,233,23,,,0
14019,'1489950',857,,234,23,,,0
14019,'1489951',937,,235,23,,,0
14019,'1489952',1017,,236,23,,,0
14019,'1489953',1057,,237,23,,,0
14019,'1489954',1137,,238,23,,,0
14019,'1489955',1217,,239,23,,,0
14019,'1489956',1257,,240,23,,,0
14019,'1489957',1337,,241,23,,,0
14019,'1489958',1417,,242,23,,,0
14019,'1489959',1457,,243,23,,,0
14019,'1489960',1537,,244,23,,,0
14019,'1489961',1617,,245,23,,,0
14019,'1489962',1657,,246,23,,,0
14019,'1489963',1737,,247,23,,,0
14019,'1489964',1817,,248,23,,,0
14019,'1489965',1857,,249,23,,,0
14019,'1489966',1937,,250,23,,,0
14019,'1489967',2017,,251,23,,,0
14019,'1489968',2057,,252,23,,,0
14019,'1489969',2137,,253,23,,,0
14019,'1489970',2217,,254,23,,,0
15019,'1484063',715,,257,50,,,0
15019,'1484064',815,,258,50,,,0
15019,'1484065',915,,259,50,,,0
15019,'1484066',1015,,260,50,,,0
15019,'1484067',1115,,261,50,,,0
15019,'1484068',1215,,262,50,,,0
15019,'1484069',1315,,263,50,,,0
15019,'1484070',1415,,264,50,,,0
15019,'1484071',1515,,265,50,,,0
15019,'1484072',1615,,266,50,,,0
15019,'1484073',1715,,267,50,,,0
15019,'1484074',1815,,268,50,,,0
15019,'1489344',1915,,269,50,,,0
15019,'1489345',2015,,270,50,,,0
15019,'1489346',2115,,271,50,,,0
15019,'1489347',2215,,272,50,,,0
15019,'1489348',915,,273,50,,,0
15019,'1489349',1015,,274,50,,,0
15019,'1489350',1115,,275,50,,,0
15019,'1489351',1215,,276,50,,,0
15019,'1489352',1315,,277,50,,,0
15019,'1489353',1415,,278,50,,,0
15019,'1489354',1515,,279,50,,,0
15019,'1489355',1615,,280,50,,,0
15019,'1489356',1715,,281,50,,,0
15019,'1489357',1815,,282,50,,,0
15019,'1489358',1915,,283,50,,,0
15019,'1489359',2015,,284,50,,,0
15019,'1489360',2115,,285,50,,,0
15019,'1489361',2215,,286,50,,,0
