14019,'1489925',700,,209,25,,,0
14019,'1489926',740,,210,25,,,0
14019,'1489927',820,,211,25,,,0
14019,'1489928',900,,212,25,,,0
14019,'1489929',940,,213,25,,,0
14019,'1489930',1020,,214,25,,,0
14019,'1489931',1100,,215,25,,,0
14019,'1489932',1140,,216,25,,,0
14019,'1489933',1220,,217,25,,,0
14019,'1489934',1300,,218,25,,,0
14019,'1489935',1340,,219,25,,,0
14019,'1489936',1420,,220,25,,,0
14019,'1489937',1500,,221,25,,,0
14019,'1489938',1540,,222,25,,,0
14019,'1489939',1620,,223,25,,,0
14019,'1489940',1700,,224,25,,,0
14019,'1489941',1740,,225,25,,,0
14019,'1489942',1820,,226,25,,,0
14019,'1489943',1900,,227,25,,,0
14019,'1489944',1940,,228,25,,,0
14019,'1489945',2020,,229,25,,,0
14019,'1489946',2100,,230,25,,,0
14019,'1489947',2140,,231,25,,,0
14019,'1489948',2220,,232,25,,,0
14019,'1489949',820,,233,25,,,0
14019,'1489950',900,,234,25,,,0
14019,'1489951',940,,235,25,,,0
14019,'1489952',1020,,236,25,,,0
14019,'1489953',1100,,237,25,,,0
14019,'1489954',1140,,238,25,,,0
14019,'1489955',1220,,239,25,,,0
14019,'1489956',1300,,240,25,,,0
14019,'1489957',1340,,241,25,,,0
14019,'1489958',1420,,242,25,,,0
14019,'1489959',1500,,243,25,,,0
14019,'1489960',1540,,244,25,,,0
14019,'1489961',1620,,245,25,,,0
14019,'1489962',1700,,246,25,,,0
14019,'1489963',1740,,247,25,,,0
14019,'1489964',1820,,248,25,,,0
14019,'1489965',1900,,249,25,,,0
14019,'1489966',1940,,250,25,,,0
14019,'1489967',2020,,251,25,,,0
14019,'1489968',2100,,252,25,,,0
14019,'1489969',2140,,253,25,,,0
14019,'1489970',2220,,254,25,,,0
15019,'1484063',717,,257,52,,,0
15019,'1484064',817,,258,52,,,0
15019,'1484065',917,,259,52,,,0
15019,'1484066',1017,,260,52,,,0
15019,'1484067',1117,,261,52,,,0
15019,'1484068',1217,,262,52,,,0
15019,'1484069',1317,,263,52,,,0
15019,'1484070',1417,,264,52,,,0
15019,'1484071',1517,,265,52,,,0
15019,'1484072',1617,,266,52,,,0
15019,'1484073',1717,,267,52,,,0
15019,'1484074',1817,,268,52,,,0
15019,'1489344',1917,,269,52,,,0
15019,'1489345',2017,,270,52,,,0
15019,'1489346',2117,,271,52,,,0
15019,'1489347',2217,,272,52,,,0
15019,'1489348',917,,273,52,,,0
15019,'1489349',1017,,274,52,,,0
15019,'1489350',1117,,275,52,,,0
15019,'1489351',1217,,276,52,,,0
15019,'1489352',1317,,277,52,,,0
15019,'1489353',1417,,278,52,,,0
15019,'1489354',1517,,279,52,,,0
15019,'1489355',1617,,280,52,,,0
15019,'1489356',1717,,281,52,,,0
15019,'1489357',1817,,282,52,,,0
15019,'1489358',1917,,283,52,,,0
15019,'1489359',2017,,284,52,,,0
15019,'1489360',2117,,285,52,,,0
15019,'1489361',2217,,286,52,,,0
