7019,'1482898',634,,111,9,0,8,0
7019,'1482899',754,,112,9,0,8,0
12019,'1482623',704,,170,9,0,8,0
12019,'1482624',804,,171,9,0,8,0
16019,'1488147',804,,287,20,0,9 10,0
16019,'1488148',904,,288,20,0,9 10,0
16019,'1488149',1004,,289,20,0,9 10,0
16019,'1488162',1304,,290,20,0,9 10,0
16019,'1488163',1404,,291,20,0,9 10,0
16019,'1488164',1504,,292,20,0,9 10,0
16019,'1488165',1604,,293,20,0,9 10,0
16019,'1488166',1704,,294,20,0,9 10,0
16019,'1488167',1804,,295,20,0,9 10,0
16019,'1492416',1104,,296,20,0,9 10,0
16019,'1492417',1204,,297,20,0,9 10,0
16019,'1492418',1104,,298,20,0,9 10,0
16019,'1492419',1204,,299,20,0,9 10,0
16019,'1492420',1504,,300,20,0,9 10,0
16019,'1492421',1604,,301,20,0,9 10,0
16019,'1492471',904,,302,20,0,9 10,0
16019,'1492472',1004,,303,20,0,9 10,0
16019,'1492473',1704,,304,20,0,9 10,0
16019,'1492474',1804,,305,20,0,9 10,0
16019,'1492475',1304,,306,20,0,9 10,0
16019,'1492476',1404,,307,20,0,9 10,0
