1019,'1485865',634,,26,3,0,11,0
1019,'1485866',714,,27,3,0,11,0
1019,'1485867',754,,28,3,0,11,0
1019,'1485868',834,,29,3,0,11,0
1019,'1485869',914,,30,3,0,11,0
1019,'1485870',954,,31,3,0,11,0
1019,'1485871',1034,,32,3,0,11,0
1019,'1485872',1114,,33,3,0,11,0
1019,'1485873',1154,,34,3,0,11,0
1019,'1485874',1234,,35,3,0,11,0
1019,'1485875',1314,,36,3,0,11,0
1019,'1485876',1354,,37,3,0,11,0
1019,'1485877',1434,,38,3,0,11,0
1019,'1485878',1514,,39,3,0,11,0
1019,'1485879',1554,,40,3,0,11,0
1019,'1485880',1634,,41,3,0,11,0
1019,'1485881',1714,,42,3,0,11,0
1019,'1485882',1754,,43,3,0,11,0
