15019,'1484063',703,,257,41,,,0
15019,'1484064',803,,258,41,,,0
15019,'1484065',903,,259,41,,,0
15019,'1484066',1003,,260,41,,,0
15019,'1484067',1103,,261,41,,,0
15019,'1484068',1203,,262,41,,,0
15019,'1484069',1303,,263,41,,,0
15019,'1484070',1403,,264,41,,,0
15019,'1484071',1503,,265,41,,,0
15019,'1484072',1603,,266,41,,,0
15019,'1484073',1703,,267,41,,,0
15019,'1484074',1803,,268,41,,,0
15019,'1489344',1903,,269,41,,,0
15019,'1489345',2003,,270,41,,,0
15019,'1489346',2103,,271,41,,,0
15019,'1489347',2203,,272,41,,,0
15019,'1489348',903,,273,41,,,0
15019,'1489349',1003,,274,41,,,0
15019,'1489350',1103,,275,41,,,0
15019,'1489351',1203,,276,41,,,0
15019,'1489352',1303,,277,41,,,0
15019,'1489353',1403,,278,41,,,0
15019,'1489354',1503,,279,41,,,0
15019,'1489355',1603,,280,41,,,0
15019,'1489356',1703,,281,41,,,0
15019,'1489357',1803,,282,41,,,0
15019,'1489358',1903,,283,41,,,0
15019,'1489359',2003,,284,41,,,0
15019,'1489360',2103,,285,41,,,0
15019,'1489361',2203,,286,41,,,0
