15019,'1484063',658,,257,33,,,0
15019,'1484064',758,,258,33,,,0
15019,'1484065',858,,259,33,,,0
15019,'1484066',958,,260,33,,,0
15019,'1484067',1058,,261,33,,,0
15019,'1484068',1158,,262,33,,,0
15019,'1484069',1258,,263,33,,,0
15019,'1484070',1358,,264,33,,,0
15019,'1484071',1458,,265,33,,,0
15019,'1484072',1558,,266,33,,,0
15019,'1484073',1658,,267,33,,,0
15019,'1484074',1758,,268,33,,,0
15019,'1489344',1858,,269,33,,,0
15019,'1489345',1958,,270,33,,,0
15019,'1489346',2058,,271,33,,,0
15019,'1489347',2158,,272,33,,,0
15019,'1489348',858,,273,33,,,0
15019,'1489349',958,,274,33,,,0
15019,'1489350',1058,,275,33,,,0
15019,'1489351',1158,,276,33,,,0
15019,'1489352',1258,,277,33,,,0
15019,'1489353',1358,,278,33,,,0
15019,'1489354',1458,,279,33,,,0
15019,'1489355',1558,,280,33,,,0
15019,'1489356',1658,,281,33,,,0
15019,'1489357',1758,,282,33,,,0
15019,'1489358',1858,,283,33,,,0
15019,'1489359',1958,,284,33,,,0
15019,'1489360',2058,,285,33,,,0
15019,'1489361',2158,,286,33,,,0
