1019,'1482680',812,,3,21,0,11,0
1019,'1482681',852,,4,21,0,11,0
1019,'1482682',932,,5,21,0,11,0
1019,'1482683',1012,,6,21,0,11,0
1019,'1482684',1052,,7,21,0,11,0
1019,'1482685',1132,,8,21,0,11,0
1019,'1482686',1212,,9,21,0,11,0
1019,'1482687',1252,,10,21,0,11,0
1019,'1482688',1332,,11,21,0,11,0
1019,'1482689',1412,,12,21,0,11,0
1019,'1482690',1452,,13,21,0,11,0
1019,'1482691',1532,,14,21,0,11,0
1019,'1482692',1612,,15,21,0,11,0
1019,'1482693',1652,,16,21,0,11,0
1019,'1482694',1732,,17,21,0,11,0
1019,'1482695',1812,,18,21,0,11,0
1019,'1482696',1852,,19,21,0,11,0
1019,'1482697',1932,,20,21,0,11,0
1019,'1482698',2012,,21,21,0,11,0
1019,'1482699',2052,,22,21,0,11,0
1019,'1482700',2132,,23,21,0,11,0
1019,'1482701',2212,,24,21,0,11,0
1019,'1485865',652,,26,24,0,11,0
1019,'1485866',732,,27,24,0,11,0
1019,'1485867',812,,28,24,0,11,0
1019,'1485868',852,,29,24,0,11,0
1019,'1485869',932,,30,24,0,11,0
1019,'1485870',1012,,31,24,0,11,0
1019,'1485871',1052,,32,24,0,11,0
1019,'1485872',1132,,33,24,0,11,0
1019,'1485873',1212,,34,24,0,11,0
1019,'1485874',1252,,35,24,0,11,0
1019,'1485875',1332,,36,24,0,11,0
1019,'1485876',1412,,37,24,0,11,0
1019,'1485877',1452,,38,24,0,11,0
1019,'1485878',1532,,39,24,0,11,0
1019,'1485879',1612,,40,24,0,11,0
1019,'1485880',1652,,41,24,0,11,0
1019,'1485881',1732,,42,24,0,11,0
1019,'1485882',1812,,43,24,0,11,0
2019,'1486350',632,,45,5,,,0
2019,'1486351',712,,46,5,,,0
2019,'1486352',752,,47,5,,,0
2019,'1486353',832,,48,5,,,0
2019,'1486354',912,,49,5,,,0
2019,'1486355',952,,50,5,,,0
2019,'1486356',1032,,51,5,,,0
2019,'1486357',1112,,52,5,,,0
2019,'1486358',1152,,53,5,,,0
2019,'1486359',1232,,54,5,,,0
2019,'1486360',1312,,55,5,,,0
2019,'1486361',1352,,56,5,,,0
2019,'1486362',1432,,57,5,,,0
2019,'1486363',1512,,58,5,,,0
2019,'1486364',1552,,59,5,,,0
2019,'1486365',1632,,60,5,,,0
2019,'1486366',1712,,61,5,,,0
2019,'1486958',1752,,62,5,,,0
