19019,'1489098',635,,308,5,,,0
19019,'1489099',715,,309,5,,,0
19019,'1489100',755,,310,5,,,0
19019,'1489101',835,,311,5,,,0
19019,'1489102',915,,312,5,,,0
19019,'1489103',955,,313,5,,,0
19019,'1489104',1035,,314,5,,,0
19019,'1489105',1115,,315,5,,,0
19019,'1489106',1155,,316,5,,,0
19019,'1489107',1235,,317,5,,,0
19019,'1489108',1315,,318,5,,,0
19019,'1489109',1355,,319,5,,,0
19019,'1489110',1435,,320,5,,,0
19019,'1489111',1515,,321,5,,,0
19019,'1489112',1555,,322,5,,,0
19019,'1489113',1635,,323,5,,,0
19019,'1489114',1715,,324,5,,,0
19019,'1489115',1755,,325,5,,,0
19019,'1489116',655,,326,5,,,0
19019,'1489117',735,,327,5,,,0
19019,'1489118',815,,328,5,,,0
19019,'1489119',855,,329,5,,,0
19019,'1489120',935,,330,5,,,0
19019,'1489121',1015,,331,5,,,0
19019,'1489122',1055,,332,5,,,0
19019,'1489123',1135,,333,5,,,0
19019,'1489124',1215,,334,5,,,0
19019,'1489125',1255,,335,5,,,0
19019,'1489126',1335,,336,5,,,0
19019,'1489127',1415,,337,5,,,0
19019,'1489128',1455,,338,5,,,0
19019,'1489129',1535,,339,5,,,0
19019,'1489130',1615,,340,5,,,0
19019,'1489131',1655,,341,5,,,0
19019,'1489132',1735,,342,5,,,0
901019,'1489082',835,,456,37,0,16 17,0
901019,'1489083',955,,457,37,0,16 17,0
901019,'1489084',1115,,458,37,0,16 17,0
901019,'1489085',1235,,459,37,0,16 17,0
901019,'1489086',1355,,460,37,0,16 17,0
901019,'1489087',1515,,461,37,0,16 17,0
901019,'1489088',1635,,462,37,0,16 17,0
901019,'1489089',1755,,463,37,0,16 17,0
901019,'1489090',1915,,464,37,0,16 17,0
901019,'1489091',2035,,465,37,0,16 17,0
901019,'1489092',2155,,466,37,0,16 17,0
901019,'1492540',1915,,494,37,0,16 17,0
901019,'1492541',2035,,495,37,0,16 17,0
901019,'1492542',2155,,496,37,0,16 17,0
902019,'1492543',1835,,514,5,0,16 17,0
902019,'1492544',1955,,515,5,0,16 17,0
902019,'1492545',2115,,516,5,0,16 17,0
902019,'1492546',755,,517,5,0,16 17,0
902019,'1492547',915,,518,5,0,16 17,0
902019,'1492548',1035,,519,5,0,16 17,0
902019,'1492549',1155,,520,5,0,16 17,0
902019,'1492550',1315,,521,5,0,16 17,0
902019,'1492551',1435,,522,5,0,16 17,0
902019,'1492552',1555,,523,5,0,16 17,0
902019,'1492553',1715,,524,5,0,16 17,0
902019,'1492554',1835,,525,5,0,16 17,0
902019,'1492555',1955,,526,5,0,16 17,0
902019,'1492556',2115,,527,5,0,16 17,0
