1019,'1482680',757,,3,4,0,18,0
1019,'1482681',837,,4,4,0,18,0
1019,'1482682',917,,5,4,0,18,0
1019,'1482683',957,,6,4,0,18,0
1019,'1482684',1037,,7,4,0,18,0
1019,'1482685',1117,,8,4,0,18,0
1019,'1482686',1157,,9,4,0,18,0
1019,'1482687',1237,,10,4,0,18,0
1019,'1482688',1317,,11,4,0,18,0
1019,'1482689',1357,,12,4,0,18,0
1019,'1482690',1437,,13,4,0,18,0
1019,'1482691',1517,,14,4,0,18,0
1019,'1482692',1557,,15,4,0,18,0
1019,'1482693',1637,,16,4,0,18,0
1019,'1482694',1717,,17,4,0,18,0
1019,'1482695',1757,,18,4,0,18,0
1019,'1482696',1837,,19,4,0,18,0
1019,'1482697',1917,,20,4,0,18,0
1019,'1482698',1957,,21,4,0,18,0
1019,'1482699',2037,,22,4,0,18,0
1019,'1482700',2117,,23,4,0,18,0
1019,'1482701',2157,,24,4,0,18,0
16019,'1488147',750,,287,10,0,9 10,0
16019,'1488148',850,,288,10,0,9 10,0
16019,'1488149',950,,289,10,0,9 10,0
16019,'1488162',1250,,290,10,0,9 10,0
16019,'1488163',1350,,291,10,0,9 10,0
16019,'1488164',1450,,292,10,0,9 10,0
16019,'1488165',1550,,293,10,0,9 10,0
16019,'1488166',1650,,294,10,0,9 10,0
16019,'1488167',1750,,295,10,0,9 10,0
16019,'1492416',1050,,296,10,0,9 10,0
16019,'1492417',1150,,297,10,0,9 10,0
16019,'1492418',1050,,298,10,0,9 10,0
16019,'1492419',1150,,299,10,0,9 10,0
16019,'1492420',1450,,300,10,0,9 10,0
16019,'1492421',1550,,301,10,0,9 10,0
16019,'1492471',850,,302,10,0,9 10,0
16019,'1492472',950,,303,10,0,9 10,0
16019,'1492473',1650,,304,10,0,9 10,0
16019,'1492474',1750,,305,10,0,9 10,0
16019,'1492475',1250,,306,10,0,9 10,0
16019,'1492476',1350,,307,10,0,9 10,0
