7019,'1489971',641,,113,4,0,7,0
7019,'1489972',721,,114,4,0,7,0
7019,'1489973',801,,115,4,0,7,0
7019,'1489974',841,,116,4,0,7,0
7019,'1489975',921,,117,4,0,7,0
7019,'1489976',1001,,118,4,0,7,0
7019,'1489983',1441,,119,4,0,7,0
7019,'1489984',1521,,120,4,0,7,0
7019,'1489985',1601,,121,4,0,7,0
7019,'1489986',1641,,122,4,0,7,0
7019,'1489987',1721,,123,4,0,7,0
7019,'1489988',1801,,124,4,0,7,0
7019,'1489995',801,,125,4,0,7,0
7019,'1489996',841,,126,4,0,7,0
7019,'1489997',921,,127,4,0,7,0
7019,'1489998',1001,,128,4,0,7,0
7019,'1489999',1041,,129,4,0,7,0
7019,'1490000',1121,,130,4,0,7,0
7019,'1490001',1201,,131,4,0,7,0
7019,'1490002',1241,,132,4,0,7,0
7019,'1490003',1321,,133,4,0,7,0
7019,'1490004',1401,,134,4,0,7,0
7019,'1490005',1441,,135,4,0,7,0
7019,'1490006',1521,,136,4,0,7,0
7019,'1490007',1601,,137,4,0,7,0
7019,'1490008',1641,,138,4,0,7,0
7019,'1490009',1721,,139,4,0,7,0
7019,'1490010',1801,,140,4,0,7,0
7019,'1492401',1241,,141,4,0,7,0
7019,'1492402',1321,,142,4,0,7,0
7019,'1492403',1401,,143,4,0,7,0
7019,'1492404',1641,,144,4,0,7,0
7019,'1492405',1721,,145,4,0,7,0
7019,'1492406',1801,,146,4,0,7,0
7019,'1492407',1241,,147,4,0,7,0
7019,'1492408',1321,,148,4,0,7,0
7019,'1492409',1401,,149,4,0,7,0
7019,'1492456',1041,,150,4,0,7,0
7019,'1492457',1121,,151,4,0,7,0
7019,'1492458',1201,,152,4,0,7,0
7019,'1492459',1441,,153,4,0,7,0
7019,'1492460',1521,,154,4,0,7,0
7019,'1492461',1601,,155,4,0,7,0
7019,'1492462',1041,,156,4,0,7,0
7019,'1492463',1121,,157,4,0,7,0
7019,'1492464',1201,,158,4,0,7,0
