2019,'1480619',624,,44,5,,,0
2019,'1486350',700,,45,34,,,0
2019,'1486351',740,,46,34,,,0
2019,'1486352',820,,47,34,,,0
2019,'1486353',900,,48,34,,,0
2019,'1486354',940,,49,34,,,0
2019,'1486355',1020,,50,34,,,0
2019,'1486356',1100,,51,34,,,0
2019,'1486357',1140,,52,34,,,0
2019,'1486358',1220,,53,34,,,0
2019,'1486359',1300,,54,34,,,0
2019,'1486360',1340,,55,34,,,0
2019,'1486361',1420,,56,34,,,0
2019,'1486362',1500,,57,34,,,0
2019,'1486363',1540,,58,34,,,0
2019,'1486364',1620,,59,34,,,0
2019,'1486365',1700,,60,34,,,0
2019,'1486366',1740,,61,34,,,0
2019,'1486958',1820,,62,34,,,0
