12019,'1490514',713,,172,6,0,12 13,0
12019,'1490515',813,,173,6,0,12 13,0
12019,'1490516',913,,174,6,0,12 13,0
12019,'1490517',1013,,175,6,0,12 13,0
12019,'1490533',1513,,176,6,0,12 13,0
12019,'1490534',1613,,177,6,0,12 13,0
12019,'1490535',1713,,178,6,0,12 13,0
12019,'1490536',1813,,179,6,0,12 13,0
12019,'1492410',1113,,180,6,0,12 13,0
12019,'1492411',1213,,181,6,0,12 13,0
12019,'1492465',1313,,182,6,0,12 13,0
12019,'1492466',1413,,183,6,0,12 13,0
12019,'1492505',713,,184,6,0,12 13,0
12019,'1492506',813,,185,6,0,12 13,0
12019,'1492507',1113,,186,6,0,12 13,0
12019,'1492508',1213,,187,6,0,12 13,0
12019,'1492509',1513,,188,6,0,12 13,0
12019,'1492510',1613,,189,6,0,12 13,0
12019,'1492511',813,,190,6,0,12 13,0
12019,'1492512',1113,,191,6,0,12 13,0
12019,'1492513',1213,,192,6,0,12 13,0
12019,'1492514',1513,,193,6,0,12 13,0
12019,'1492515',1613,,194,6,0,12 13,0
12019,'1492516',913,,195,6,0,12 13,0
12019,'1492517',1013,,196,6,0,12 13,0
12019,'1492518',1313,,197,6,0,12 13,0
12019,'1492519',1413,,198,6,0,12 13,0
12019,'1492520',1713,,199,6,0,12 13,0
12019,'1492521',1813,,200,6,0,12 13,0
12019,'1492522',913,,201,6,0,12 13,0
12019,'1492523',1013,,202,6,0,12 13,0
12019,'1492524',1313,,203,6,0,12 13,0
12019,'1492525',1413,,204,6,0,12 13,0
12019,'1492526',1713,,205,6,0,12 13,0
12019,'1492527',1813,,206,6,0,12 13,0
