2019,'1480619',625,,44,6,,,0
2019,'1486350',702,,45,35,,,0
2019,'1486351',742,,46,35,,,0
2019,'1486352',822,,47,35,,,0
2019,'1486353',902,,48,35,,,0
2019,'1486354',942,,49,35,,,0
2019,'1486355',1022,,50,35,,,0
2019,'1486356',1102,,51,35,,,0
2019,'1486357',1142,,52,35,,,0
2019,'1486358',1222,,53,35,,,0
2019,'1486359',1302,,54,35,,,0
2019,'1486360',1342,,55,35,,,0
2019,'1486361',1422,,56,35,,,0
2019,'1486362',1502,,57,35,,,0
2019,'1486363',1542,,58,35,,,0
2019,'1486364',1622,,59,35,,,0
2019,'1486365',1702,,60,35,,,0
2019,'1486366',1742,,61,35,,,0
2019,'1486958',1822,,62,35,,,0
