1019,2113,1,0,0
1019,2114,2,0,0
1019,2115,3,0,0
1019,2116,4,0,0
1019,2117,5,0,0
1019,2119,6,0,0
1019,3211,7,0,0
1019,3212,8,0,0
1019,8009,9,0,0
1019,8010,10,0,0
1019,9999,11,0,0
1019,13333,12,0,0
1019,13331,13,0,0
1019,13332,14,0,0
1019,1118,15,0,0
1019,1122,16,0,0
1019,1124,17,0,0
1019,1126,18,0,0
1019,1128,19,0,0
1019,1130,20,0,0
1019,1132,21,0,0
1019,1134,22,0,0
1019,1136,23,0,0
1019,1138,24,0,0
1019,1140,25,0,0
1019,1108,26,0,0
1019,3105,27,0,0
1019,16004,28,0,0
1019,1222,29,0,0
1019,1226,30,0,0
1019,1228,31,0,0
1019,1230,32,0,0
1019,1232,33,0,0
1019,1234,34,0,0
1019,1236,35,0,0
1019,1238,36,0,0
1019,2120,37,0,0
1019,1144,38,0,0
1019,1146,39,0,0
1019,1148,40,0,0
1019,2100,41,0,0
1019,1101,42,0,0
1019,1103,43,0,0
1019,2103,44,0,0
1019,1105,45,0,0
1019,1107,46,0,0
1019,1109,47,0,0
1019,1111,48,0,0
1019,1113,49,0,0
1019,1115,50,0,0
1019,1117,51,0,0
1019,1119,52,0,0
1019,1121,53,0,0
1019,1127,54,0,0
1019,1129,55,0,0
1019,1133,56,0,0
1019,1135,57,0,0
1019,1137,58,0,0
2019,2100,1,0,0
2019,1101,2,0,0
2019,1103,3,0,0
2019,2103,4,0,0
2019,1105,5,0,0
2019,2105,6,0,0
2019,2106,7,0,0
2019,2107,8,0,0
2019,2108,9,0,0
2019,2109,10,0,0
2019,2110,11,0,0
2019,2111,12,0,0
2019,2113,13,0,0
2019,2114,14,0,0
2019,2115,15,0,0
2019,2116,16,0,0
2019,2117,17,0,0
2019,2119,18,0,0
2019,3211,19,0,0
2019,3212,20,0,0
2019,2122,21,0,0
2019,4949,22,0,0
2019,9999,23,0,0
2019,1108,24,0,0
2019,1110,25,0,0
2019,1112,26,0,0
2019,1114,27,0,0
2019,1116,28,0,0
2019,1118,29,0,0
2019,1222,30,0,0
2019,1226,31,0,0
2019,1228,32,0,0
2019,1230,33,0,0
2019,6107,34,0,0
2019,6119,35,0,0
2019,6108,36,0,0
2019,6109,37,0,0
2019,2130,38,0,0
2019,4118,39,0,0
4019,2117,1,0,0
4019,2119,2,0,0
4019,3211,3,0,0
4019,3212,4,0,0
4019,2122,5,0,0
4019,4949,6,0,0
4019,9999,7,0,0
4019,1108,8,0,0
4019,3105,9,0,0
4019,3106,10,0,0
4019,3107,11,0,0
4019,3108,12,0,0
4019,3110,13,0,0
4019,3111,14,0,0
4019,3112,15,0,0
4019,3113,16,0,0
4019,3114,17,0,0
4019,3122,18,0,0
4019,3116,19,0,0
4019,3117,20,0,0
4019,2100,21,0,0
4019,4202,22,0,0
4019,4203,23,0,0
4019,4204,24,0,0
4019,4205,25,0,0
4019,4206,26,0,0
4019,4207,27,0,0
4019,4208,28,0,0
4019,4209,29,0,0
4019,4210,30,0,0
4019,4211,31,0,0
4019,4212,32,0,0
4019,4213,33,0,0
4019,4214,34,0,0
4019,4215,35,0,0
4019,4219,36,0,0
4019,4218,37,0,0
4019,1200,38,0,0
4019,1106,39,0,0
4019,8009,40,0,0
4019,8010,41,0,0
7019,1122,1,0,0
7019,1124,2,0,0
7019,16006,3,0,0
7019,16007,4,0,0
7019,16008,5,0,0
7019,16009,6,0,0
7019,11112,7,0,0
7019,4111,8,0,0
7019,16010,9,0,0
7019,16011,10,0,0
7019,16012,11,0,0
7019,5149,12,0,0
7019,5200,13,0,0
7019,5202,14,0,0
7019,5203,15,0,0
7019,7104,16,0,0
7019,5555,17,0,0
7019,5207,18,0,0
7019,7307,19,0,0
7019,5210,20,0,0
7019,7131,21,0,0
7019,7203,22,0,0
7019,5127,23,0,0
7019,5211,24,0,0
7019,7122,25,0,0
7019,5227,26,0,0
7019,7107,27,0,0
7019,7108,28,0,0
7019,7200,29,0,0
7019,7202,30,0,0
7019,7250,31,0,0
7019,7251,32,0,0
7019,7221,33,0,0
7019,7124,34,0,0
7019,7125,35,0,0
7019,7127,36,0,0
7019,7128,37,0,0
7019,7252,38,0,0
7019,7253,39,0,0
7019,7254,40,0,0
7019,7255,41,0,0
7019,7121,42,0,0
7019,7109,43,0,0
7019,7110,44,0,0
7019,7256,45,0,0
7019,7258,46,0,0
7019,7279,47,0,0
7019,7257,48,0,0
7019,7308,49,0,0
7019,7216,50,0,0
7019,5147,51,0,0
7019,5148,52,0,0
10019,1122,1,0,0
10019,1124,2,0,0
10019,1126,3,0,0
10019,1128,4,0,0
10019,1130,5,0,0
10019,1132,6,0,0
10019,1134,7,0,0
10019,1136,8,0,0
10019,1138,9,0,0
10019,1140,10,0,0
10019,2120,11,0,0
10019,1144,12,0,0
10019,1146,13,0,0
10019,1148,14,0,0
10019,2100,15,1,1
10029,2100,1,0,0
10029,1101,2,0,0
10029,3116,3,0,0
10029,10119,4,0,0
10029,10120,5,0,0
10029,10121,6,0,0
10029,10123,7,0,0
10029,10124,8,0,0
10029,10125,9,0,0
10029,10130,10,0,0
10029,10126,11,0,0
10029,10127,12,0,0
10029,10128,13,0,0
10029,10220,14,0,0
10029,10221,15,0,0
10029,1140,16,0,0
10029,2120,17,0,0
10029,1144,18,0,0
10029,1146,19,0,0
10029,1148,20,0,0
12019,1122,1,0,0
12019,1124,2,0,0
12019,16006,3,0,0
12019,16007,4,0,0
12019,16008,5,0,0
12019,16009,6,0,0
12019,11112,7,0,0
12019,4111,8,0,0
12019,16010,9,0,0
12019,16011,10,0,0
12019,16012,11,0,0
12019,5149,12,0,0
12019,5200,13,0,0
12019,9213,14,0,0
12019,9214,15,0,0
12019,9215,16,0,0
12019,12218,17,0,0
12019,12206,18,0,0
12019,12207,19,0,0
12019,12208,20,0,0
12019,12209,21,0,0
12019,12210,22,0,0
12019,12211,23,0,0
12019,12212,24,0,0
12019,12213,25,0,0
12019,12214,26,0,0
12019,12215,27,0,0
12019,12216,28,0,0
12019,12219,29,0,0
12019,12217,30,0,0
12019,12102,31,0,0
12019,12103,32,0,0
12019,12104,33,0,0
12019,12105,34,0,0
12019,12106,35,0,0
12019,12107,36,0,0
12019,12108,37,0,0
12019,12109,38,0,0
12019,12110,39,0,0
12019,12111,40,0,0
12019,12117,41,0,0
12019,12118,42,0,0
12019,7216,43,0,0
12019,5147,44,0,0
12019,5148,45,0,0
14019,14001,1,0,0
14019,14002,2,0,0
14019,14003,3,0,0
14019,14123,4,0,0
14019,9999,5,0,0
14019,14125,6,0,0
14019,14126,7,0,0
14019,14127,8,0,0
14019,14128,9,0,0
14019,14129,10,0,0
14019,8015,12,0,0
14019,8014,13,0,0
14019,8023,14,0,0
14019,8022,15,0,0
14019,8021,16,0,0
14019,8025,17,0,0
14019,8020,18,0,0
14019,9434,19,0,0
14019,9129,20,0,0
14019,9130,21,0,0
14019,9435,22,0,0
14019,9401,23,0,0
14019,14200,24,0,0
14019,15130,25,0,0
14019,15132,26,0,0
14019,15134,27,0,0
14019,15138,28,0,0
14019,15140,29,0,0
14019,14008,30,0,0
14019,8024,31,0,0
15019,9326,1,0,0
15019,8027,2,0,0
15019,9332,3,0,0
15019,15148,4,0,0
15019,1200,5,0,0
15019,1106,6,0,0
15019,2122,7,0,0
15019,4949,8,0,0
15019,9999,9,0,0
15019,15001,10,0,0
15019,15107,11,0,0
15019,15109,12,0,0
15019,15111,13,0,0
15019,15113,14,0,0
15019,15115,15,0,0
15019,15117,16,0,0
15019,15119,17,0,0
15019,15121,18,0,0
15019,15125,19,0,0
15019,15127,20,0,0
15019,15129,21,0,0
15019,15131,22,0,0
15019,15118,23,0,0
15019,15135,24,0,0
15019,15137,25,0,0
15019,15139,26,0,0
15019,15170,27,0,0
15019,15143,28,0,0
15019,15145,29,0,0
15019,15147,30,0,0
15019,15149,31,0,0
15019,15151,32,0,0
15019,15153,33,0,0
15019,15155,34,0,0
15019,15157,35,0,0
15019,15159,36,0,0
15019,15161,37,0,0
15019,15163,38,0,0
15019,15165,39,0,0
15019,15167,40,0,0
15019,15169,41,0,0
15019,15102,42,0,0
15019,15171,43,0,0
15019,15172,44,0,0
15019,15108,45,0,0
15019,15110,46,0,0
15019,15112,47,0,0
15019,15114,48,0,0
15019,15116,49,0,0
15019,15133,50,0,0
15019,15120,51,0,0
15019,15122,52,0,0
15019,15126,53,0,0
15019,15128,54,0,0
15019,15130,55,0,0
15019,15132,56,0,0
15019,15134,57,0,0
15019,15138,58,0,0
15019,15140,59,0,0
15019,14211,60,0,0
15019,14212,61,0,0
15019,14213,62,0,0
15019,14215,63,0,0
16019,5200,1,0,0
16019,9111,2,0,0
16019,9113,3,0,0
16019,16002,4,0,0
16019,16003,5,0,0
16019,1200,6,0,0
16019,6105,7,0,0
16019,11107,8,0,0
16019,6106,9,0,0
16019,16004,10,0,0
16019,16005,11,0,0
16019,1122,12,0,0
16019,1124,13,0,0
16019,16006,14,0,0
16019,16007,15,0,0
16019,16008,16,0,0
16019,16009,17,0,0
16019,11112,18,0,0
16019,4111,19,0,0
16019,16010,20,0,0
16019,16011,21,0,0
16019,16012,22,0,0
16019,5149,23,0,0
19019,9999,1,0,0
19019,15001,2,0,0
19019,9332,3,0,0
19019,9333,4,0,0
19019,9335,5,0,0
19019,9336,6,0,0
19019,1200,7,0,0
19019,14201,8,0,0
19019,14202,9,0,0
19019,14247,10,0,0
19019,14204,11,0,0
19019,14205,12,0,0
19019,14206,13,0,0
19019,14209,14,0,0
19019,14210,15,0,0
19019,14246,16,0,0
19019,14244,17,0,0
19019,14255,18,0,0
19019,9127,19,0,0
19019,8027,20,0,0
19019,15107,21,0,0
19019,19001,22,0,0
19019,80005,23,0,0
19019,9121,24,0,0
19019,9122,25,0,0
19019,14213,26,0,0
19019,14215,27,0,0
20019,9999,1,0,0
20019,15001,2,0,0
20019,15107,3,0,0
20019,2053,4,0,0
20019,20001,5,0,0
20019,20006,6,0,0
20019,20003,7,0,0
20019,20005,8,0,0
20019,5122,9,0,0
20019,5123,10,0,0
20019,20002,11,0,0
20019,7130,12,0,0
20019,7131,13,0,0
20019,7203,14,0,0
20019,5219,15,0,0
20019,5220,16,0,0
20019,5233,17,0,0
20019,5105,18,0,0
20019,5106,19,0,0
20019,5108,20,0,0
20019,5110,21,0,0
20019,5112,22,0,0
20019,5113,23,0,0
20019,5114,24,0,0
20019,5115,25,0,0
20019,5116,26,0,0
20019,5117,27,0,0
20019,20004,28,0,0
20019,5234,29,0,0
20019,14212,30,0,0
20019,14213,31,0,0
66019,2100,1,0,0
66019,1714,2,0,0
66019,4206,3,0,0
66019,1715,4,0,0
66019,6103,5,0,0
66019,1716,6,0,0
66019,1717,7,0,0
66019,1200,8,0,0
66019,14201,9,0,0
66019,9120,10,0,0
66019,9122,11,0,0
66019,14212,12,0,0
66019,9332,13,0,0
66019,15148,14,0,0
66019,1719,15,0,0
66019,1720,16,0,0
66019,4112,17,0,0
66019,4114,18,0,0
901019,1129,1,0,0
901019,1133,2,0,0
901019,1135,3,0,0
901019,1137,4,0,0
901019,1200,5,0,0
901019,14201,6,0,0
901019,9321,7,0,0
901019,9122,8,0,0
901019,14213,9,0,0
901019,14215,10,0,0
901019,9999,11,0,0
901019,1141,12,0,0
901019,9201,14,0,0
901019,9202,15,0,0
901019,9204,16,0,0
901019,9433,17,0,0
901019,9207,18,0,0
901019,9208,19,0,0
901019,5200,20,0,0
901019,9213,21,0,0
901019,9214,22,0,0
901019,9215,23,0,0
901019,9216,24,0,0
901019,9217,25,0,0
901019,9218,26,0,0
901019,9220,27,0,0
901019,2100,28,0,0
901019,2101,29,0,0
901019,9101,30,0,0
901019,9102,31,0,0
901019,9103,32,0,0
901019,9104,33,0,0
901019,9105,34,0,0
901019,9107,35,0,0
901019,5149,36,0,0
901019,9111,37,0,0
901019,9113,38,0,0
901019,9114,39,0,0
901019,9115,40,0,0
901019,9003,41,0,0
901019,3102,42,0,0
901019,15555,43,0,0
901019,9332,44,0,0
901019,9333,45,0,0
901019,9335,46,0,0
901019,9336,47,0,0
901019,14202,49,0,0
901019,14247,50,0,0
901019,14204,51,0,0
901019,14205,52,0,0
901019,14206,53,0,0
901019,14209,54,0,0
901019,14210,55,0,0
901019,14246,56,0,0
901019,14244,57,0,0
901019,14255,58,0,0
901019,8027,59,0,0
901019,15107,60,0,0
901019,19001,61,0,0
901019,80005,62,0,0
901019,9123,65,0,0
901019,9326,66,0,0
902019,1129,1,0,0
902019,1133,2,0,0
902019,1135,3,0,0
902019,1137,4,0,0
902019,4949,5,0,0
902019,9999,6,0,0
902019,15555,7,0,0
902019,9332,8,0,0
902019,9333,9,0,0
902019,9335,10,0,0
902019,9336,11,0,0
902019,1200,12,0,0
902019,14201,13,0,0
902019,14202,14,0,0
902019,14247,15,0,0
902019,14204,16,0,0
902019,14205,17,0,0
902019,14206,18,0,0
902019,14209,19,0,0
902019,14210,20,0,0
902019,14246,21,0,0
902019,14244,22,0,0
902019,14255,23,0,0
902019,8027,24,0,0
902019,15107,25,0,0
902019,19001,26,0,0
902019,80005,27,0,0
902019,9321,28,0,0
902019,9122,29,0,0
902019,9123,30,0,0
902019,9326,31,0,0
902019,1141,32,0,0
902019,9201,33,0,0
902019,9202,34,0,0
902019,9204,35,0,0
902019,9433,36,0,0
902019,9207,37,0,0
902019,9208,38,0,0
902019,5200,39,0,0
902019,9213,40,0,0
902019,9214,41,0,0
902019,9215,42,0,0
902019,9216,43,0,0
902019,9217,44,0,0
902019,9218,45,0,0
902019,9220,46,0,0
902019,2100,47,0,0
902019,9101,48,0,0
902019,9102,49,0,0
902019,9103,50,0,0
902019,9104,51,0,0
902019,9105,52,0,0
902019,9107,53,0,0
902019,5149,54,0,0
902019,9111,55,0,0
902019,9113,56,0,0
902019,9114,57,0,0
902019,9115,58,0,0
902019,9003,59,0,0
902019,3102,60,0,0
903019,1129,1,0,0
903019,1133,2,0,0
903019,1135,3,0,0
903019,1137,4,0,0
903019,8010,5,0,0
903019,9999,6,0,0
903019,1141,7,0,0
903019,1200,8,0,0
903019,9201,9,0,0
903019,5102,10,0,0
903019,9204,11,0,0
903019,9433,12,0,0
903019,9207,13,0,0
903019,9208,14,0,0
903019,5200,15,0,0
903019,9213,16,0,0
903019,9214,17,0,0
903019,9215,18,0,0
903019,9216,19,0,0
903019,9217,20,0,0
903019,9218,21,0,0
903019,9220,22,0,0
903019,2101,23,0,0
903019,9101,24,0,0
903019,9102,25,0,0
903019,9103,26,0,0
903019,9104,27,0,0
903019,9105,28,0,0
903019,9107,29,0,0
903019,5149,30,0,0
903019,9111,31,0,0
903019,9113,32,0,0
903019,9114,33,0,0
903019,9115,34,0,0
903019,9003,35,0,0
903019,3102,36,0,0
903019,9326,37,0,0
30000019,2100,1,0,0
30000019,1103,2,0,0
30000019,80002,3,0,0
30000019,3202,4,0,0
30000019,3204,5,0,0
30000019,2113,6,0,0
30000019,2116,7,0,0
30000019,2117,8,0,0
30000019,1200,9,0,0
30000019,14202,10,0,0
30000019,14205,11,0,0
30000019,15107,12,0,0
30000019,9123,13,0,0
30000019,80004,14,0,0
30000019,80005,15,0,0
30000019,5104,16,0,0
30000019,5221,17,0,0
30000019,5114,18,0,0
30000019,5425,19,0,0
30000019,5426,20,0,0
30000019,5123,21,0,0
30000019,5127,22,0,0
30000019,9208,23,0,0
30000019,8006,24,0,0
30000019,8007,25,0,0
30000019,8008,26,0,0
30000019,2130,27,0,0
