15019,'1484063',724,,257,55,,,0
15019,'1484064',824,,258,55,,,0
15019,'1484065',924,,259,55,,,0
15019,'1484066',1024,,260,55,,,0
15019,'1484067',1124,,261,55,,,0
15019,'1484068',1224,,262,55,,,0
15019,'1484069',1324,,263,55,,,0
15019,'1484070',1424,,264,55,,,0
15019,'1484071',1524,,265,55,,,0
15019,'1484072',1624,,266,55,,,0
15019,'1484073',1724,,267,55,,,0
15019,'1484074',1824,,268,55,,,0
15019,'1489344',1924,,269,55,,,0
15019,'1489345',2024,,270,55,,,0
15019,'1489346',2124,,271,55,,,0
15019,'1489347',2224,,272,55,,,0
15019,'1489348',924,,273,55,,,0
15019,'1489349',1024,,274,55,,,0
15019,'1489350',1124,,275,55,,,0
15019,'1489351',1224,,276,55,,,0
15019,'1489352',1324,,277,55,,,0
15019,'1489353',1424,,278,55,,,0
15019,'1489354',1524,,279,55,,,0
15019,'1489355',1624,,280,55,,,0
15019,'1489356',1724,,281,55,,,0
15019,'1489357',1824,,282,55,,,0
15019,'1489358',1924,,283,55,,,0
15019,'1489359',2024,,284,55,,,0
15019,'1489360',2124,,285,55,,,0
15019,'1489361',2224,,286,55,,,0
19019,'1489098',704,,308,26,,,0
19019,'1489099',744,,309,26,,,0
19019,'1489100',824,,310,26,,,0
19019,'1489101',904,,311,26,,,0
19019,'1489102',944,,312,26,,,0
19019,'1489103',1024,,313,26,,,0
19019,'1489104',1104,,314,26,,,0
19019,'1489105',1144,,315,26,,,0
19019,'1489106',1224,,316,26,,,0
19019,'1489107',1304,,317,26,,,0
19019,'1489108',1344,,318,26,,,0
19019,'1489109',1424,,319,26,,,0
19019,'1489110',1504,,320,26,,,0
19019,'1489111',1544,,321,26,,,0
19019,'1489112',1624,,322,26,,,0
19019,'1489113',1704,,323,26,,,0
19019,'1489114',1744,,324,26,,,0
19019,'1489115',1824,,325,26,,,0
19019,'1489116',724,,326,26,,,0
19019,'1489117',804,,327,26,,,0
19019,'1489118',844,,328,26,,,0
19019,'1489119',924,,329,26,,,0
19019,'1489120',1004,,330,26,,,0
19019,'1489121',1044,,331,26,,,0
19019,'1489122',1124,,332,26,,,0
19019,'1489123',1204,,333,26,,,0
19019,'1489124',1244,,334,26,,,0
19019,'1489125',1324,,335,26,,,0
19019,'1489126',1404,,336,26,,,0
19019,'1489127',1444,,337,26,,,0
19019,'1489128',1524,,338,26,,,0
19019,'1489129',1604,,339,26,,,0
19019,'1489130',1644,,340,26,,,0
19019,'1489131',1724,,341,26,,,0
19019,'1489132',1804,,342,26,,,0
20019,'1492422',705,,378,31,,,0
20019,'1492423',745,,379,31,,,0
20019,'1492424',825,,380,31,,,0
20019,'1492425',905,,381,31,,,0
20019,'1492426',945,,382,31,,,0
20019,'1492427',1025,,383,31,,,0
20019,'1492428',1105,,384,31,,,0
20019,'1492429',1145,,385,31,,,0
20019,'1492430',1225,,386,31,,,0
20019,'1492431',1305,,387,31,,,0
20019,'1492432',1345,,388,31,,,0
20019,'1492433',1425,,389,31,,,0
20019,'1492434',1505,,390,31,,,0
20019,'1492435',1545,,391,31,,,0
20019,'1492436',1625,,392,31,,,0
20019,'1492437',1705,,393,31,,,0
20019,'1492438',1745,,394,31,,,0
20019,'1492439',1825,,395,31,,,0
20019,'1492440',825,,396,31,,,0
20019,'1492441',905,,397,31,,,0
20019,'1492442',945,,398,31,,,0
20019,'1492443',1025,,399,31,,,0
20019,'1492444',1105,,400,31,,,0
20019,'1492445',1145,,401,31,,,0
20019,'1492446',1225,,402,31,,,0
20019,'1492447',1305,,403,31,,,0
20019,'1492448',1345,,404,31,,,0
20019,'1492449',1425,,405,31,,,0
20019,'1492450',1505,,406,31,,,0
20019,'1492451',1545,,407,31,,,0
20019,'1492452',1625,,408,31,,,0
20019,'1492453',1705,,409,31,,,0
20019,'1492454',1745,,410,31,,,0
20019,'1492455',1825,,411,31,,,0
901019,'1480871',627,,454,9,0,6,0
901019,'1480872',747,,455,9,0,6,0
