66019,'1489865',802,,412,2,,,0
66019,'1489866',832,,413,2,,,0
66019,'1489867',902,,414,2,,,0
66019,'1489868',932,,415,2,,,0
66019,'1489869',1002,,416,2,,,0
66019,'1489870',1032,,417,2,,,0
66019,'1489871',1102,,418,2,,,0
66019,'1489872',1132,,419,2,,,0
66019,'1489873',1202,,420,2,,,0
66019,'1489874',1232,,421,2,,,0
66019,'1489875',1302,,422,2,,,0
66019,'1489876',1332,,423,2,,,0
66019,'1489877',1402,,424,2,,,0
66019,'1489878',1432,,425,2,,,0
66019,'1489879',1502,,426,2,,,0
66019,'1489880',1532,,427,2,,,0
66019,'1489881',1602,,428,2,,,0
66019,'1489882',1632,,429,2,,,0
66019,'1489883',1702,,430,2,,,0
