15019,'1484063',701,,257,37,,,0
15019,'1484064',801,,258,37,,,0
15019,'1484065',901,,259,37,,,0
15019,'1484066',1001,,260,37,,,0
15019,'1484067',1101,,261,37,,,0
15019,'1484068',1201,,262,37,,,0
15019,'1484069',1301,,263,37,,,0
15019,'1484070',1401,,264,37,,,0
15019,'1484071',1501,,265,37,,,0
15019,'1484072',1601,,266,37,,,0
15019,'1484073',1701,,267,37,,,0
15019,'1484074',1801,,268,37,,,0
15019,'1489344',1901,,269,37,,,0
15019,'1489345',2001,,270,37,,,0
15019,'1489346',2101,,271,37,,,0
15019,'1489347',2201,,272,37,,,0
15019,'1489348',901,,273,37,,,0
15019,'1489349',1001,,274,37,,,0
15019,'1489350',1101,,275,37,,,0
15019,'1489351',1201,,276,37,,,0
15019,'1489352',1301,,277,37,,,0
15019,'1489353',1401,,278,37,,,0
15019,'1489354',1501,,279,37,,,0
15019,'1489355',1601,,280,37,,,0
15019,'1489356',1701,,281,37,,,0
15019,'1489357',1801,,282,37,,,0
15019,'1489358',1901,,283,37,,,0
15019,'1489359',2001,,284,37,,,0
15019,'1489360',2101,,285,37,,,0
15019,'1489361',2201,,286,37,,,0
