4019,'1489036',705,,65,32,,,0
4019,'1489037',745,,66,32,,,0
4019,'1489038',825,,67,32,,,0
4019,'1489039',905,,68,32,,,0
4019,'1489040',945,,69,32,,,0
4019,'1489041',1025,,70,32,,,0
4019,'1489042',1105,,71,32,,,0
4019,'1489043',1145,,72,32,,,0
4019,'1489044',1225,,73,32,,,0
4019,'1489045',1305,,74,32,,,0
4019,'1489046',1345,,75,32,,,0
4019,'1489047',1425,,76,32,,,0
4019,'1489048',1505,,77,32,,,0
4019,'1489049',1545,,78,32,,,0
4019,'1489050',1625,,79,32,,,0
4019,'1489051',1705,,80,32,,,0
4019,'1489052',1745,,81,32,,,0
4019,'1489053',1825,,82,32,,,0
4019,'1489054',1905,,83,32,,,0
4019,'1489055',1945,,84,32,,,0
4019,'1489056',2025,,85,32,,,0
4019,'1489057',2105,,86,32,,,0
4019,'1489058',2145,,87,32,,,0
4019,'1489059',2225,,88,32,,,0
4019,'1489060',825,,89,32,,,0
4019,'1489061',905,,90,32,,,0
4019,'1489062',945,,91,32,,,0
4019,'1489063',1025,,92,32,,,0
4019,'1489064',1105,,93,32,,,0
4019,'1489065',1145,,94,32,,,0
4019,'1489066',1225,,95,32,,,0
4019,'1489067',1305,,96,32,,,0
4019,'1489068',1345,,97,32,,,0
4019,'1489069',1425,,98,32,,,0
4019,'1489070',1505,,99,32,,,0
4019,'1489071',1545,,100,32,,,0
4019,'1489072',1625,,101,32,,,0
4019,'1489073',1705,,102,32,,,0
4019,'1489074',1745,,103,32,,,0
4019,'1489075',1825,,104,32,,,0
4019,'1489076',1905,,105,32,,,0
4019,'1489077',1945,,106,32,,,0
4019,'1489078',2025,,107,32,,,0
4019,'1489079',2105,,108,32,,,0
4019,'1489080',2145,,109,32,,,0
4019,'1489081',2225,,110,32,,,0
15019,'1480582',624,,255,5,0,6,0
15019,'1480583',824,,256,5,0,6,0
16019,'1488147',744,,287,6,0,9 10,0
16019,'1488148',844,,288,6,0,9 10,0
16019,'1488149',944,,289,6,0,9 10,0
16019,'1488162',1244,,290,6,0,9 10,0
16019,'1488163',1344,,291,6,0,9 10,0
16019,'1488164',1444,,292,6,0,9 10,0
16019,'1488165',1544,,293,6,0,9 10,0
16019,'1488166',1644,,294,6,0,9 10,0
16019,'1488167',1744,,295,6,0,9 10,0
16019,'1492416',1044,,296,6,0,9 10,0
16019,'1492417',1144,,297,6,0,9 10,0
16019,'1492418',1044,,298,6,0,9 10,0
16019,'1492419',1144,,299,6,0,9 10,0
16019,'1492420',1444,,300,6,0,9 10,0
16019,'1492421',1544,,301,6,0,9 10,0
16019,'1492471',844,,302,6,0,9 10,0
16019,'1492472',944,,303,6,0,9 10,0
16019,'1492473',1644,,304,6,0,9 10,0
16019,'1492474',1744,,305,6,0,9 10,0
16019,'1492475',1244,,306,6,0,9 10,0
16019,'1492476',1344,,307,6,0,9 10,0
19019,'1489098',637,,308,7,,,0
19019,'1489099',717,,309,7,,,0
19019,'1489100',757,,310,7,,,0
19019,'1489101',837,,311,7,,,0
19019,'1489102',917,,312,7,,,0
19019,'1489103',957,,313,7,,,0
19019,'1489104',1037,,314,7,,,0
19019,'1489105',1117,,315,7,,,0
19019,'1489106',1157,,316,7,,,0
19019,'1489107',1237,,317,7,,,0
19019,'1489108',1317,,318,7,,,0
19019,'1489109',1357,,319,7,,,0
19019,'1489110',1437,,320,7,,,0
19019,'1489111',1517,,321,7,,,0
19019,'1489112',1557,,322,7,,,0
19019,'1489113',1637,,323,7,,,0
19019,'1489114',1717,,324,7,,,0
19019,'1489115',1757,,325,7,,,0
19019,'1489116',657,,326,7,,,0
19019,'1489117',737,,327,7,,,0
19019,'1489118',817,,328,7,,,0
19019,'1489119',857,,329,7,,,0
19019,'1489120',937,,330,7,,,0
19019,'1489121',1017,,331,7,,,0
19019,'1489122',1057,,332,7,,,0
19019,'1489123',1137,,333,7,,,0
19019,'1489124',1217,,334,7,,,0
19019,'1489125',1257,,335,7,,,0
19019,'1489126',1337,,336,7,,,0
19019,'1489127',1417,,337,7,,,0
19019,'1489128',1457,,338,7,,,0
19019,'1489129',1537,,339,7,,,0
19019,'1489130',1617,,340,7,,,0
19019,'1489131',1657,,341,7,,,0
19019,'1489132',1737,,342,7,,,0
66019,'1489865',808,,412,8,,,0,13,,412,15,,,0
66019,'1489866',838,,413,8,,,0,13,,413,15,,,0
66019,'1489867',908,,414,8,,,0,13,,414,15,,,0
66019,'1489868',938,,415,8,,,0,13,,415,15,,,0
66019,'1489869',1008,,416,8,,,0,13,,416,15,,,0
66019,'1489870',1038,,417,8,,,0,13,,417,15,,,0
66019,'1489871',1108,,418,8,,,0,13,,418,15,,,0
66019,'1489872',1138,,419,8,,,0,13,,419,15,,,0
66019,'1489873',1208,,420,8,,,0,13,,420,15,,,0
66019,'1489874',1238,,421,8,,,0,13,,421,15,,,0
66019,'1489875',1308,,422,8,,,0,13,,422,15,,,0
66019,'1489876',1338,,423,8,,,0,13,,423,15,,,0
66019,'1489877',1408,,424,8,,,0,13,,424,15,,,0
66019,'1489878',1438,,425,8,,,0,13,,425,15,,,0
66019,'1489879',1508,,426,8,,,0,13,,426,15,,,0
66019,'1489880',1538,,427,8,,,0,13,,427,15,,,0
66019,'1489881',1608,,428,8,,,0,13,,428,15,,,0
66019,'1489882',1638,,429,8,,,0,13,,429,15,,,0
66019,'1489883',1708,,430,8,,,0,13,,430,15,,,0
901019,'1480871',626,,454,5,0,6,0
901019,'1480872',746,,455,5,0,6,0
901019,'1489082',753,,456,3,,,0,84,,456,39,0,16 17,0
901019,'1489083',913,,457,3,,,0,44,,457,39,0,16 17,0
901019,'1489084',1033,,458,3,,,0,84,,458,39,0,16 17,0
901019,'1489085',1153,,459,3,,,0,84,,459,39,0,16 17,0
901019,'1489086',1313,,460,3,,,0,44,,460,39,0,16 17,0
901019,'1489087',1433,,461,3,,,0,84,,461,39,0,16 17,0
901019,'1489088',1553,,462,3,,,0,84,,462,39,0,16 17,0
901019,'1489089',1713,,463,3,,,0,44,,463,39,0,16 17,0
901019,'1489090',1833,,464,3,,,0,84,,464,39,0,16 17,0
901019,'1489091',1953,,465,3,,,0,84,,465,39,0,16 17,0
901019,'1489092',2113,,466,3,,,0,44,,466,39,0,16 17,0
901019,'1492528',633,,482,3,,,0
901019,'1492529',733,,483,3,,,0
901019,'1492530',833,,484,3,,,0
901019,'1492531',933,,485,3,,,0
901019,'1492532',1033,,486,3,,,0
901019,'1492533',1133,,487,3,,,0
901019,'1492534',1233,,488,3,,,0
901019,'1492535',1333,,489,3,,,0
901019,'1492536',1433,,490,3,,,0
901019,'1492537',1533,,491,3,,,0
901019,'1492538',1633,,492,3,,,0
901019,'1492539',1733,,493,3,,,0
901019,'1492540',1833,,494,3,,,0,84,,494,39,0,16 17,0
901019,'1492541',1953,,495,3,,,0,84,,495,39,0,16 17,0
901019,'1492542',2113,,496,3,,,0,44,,496,39,0,16 17,0
902019,'1488257',1753,,500,3,,,0
902019,'1489896',653,,503,3,,,0
902019,'1489897',753,,504,3,,,0
902019,'1489898',853,,505,3,,,0
902019,'1489899',953,,506,3,,,0
902019,'1489900',1053,,507,3,,,0
902019,'1489901',1153,,508,3,,,0
902019,'1489902',1253,,509,3,,,0
902019,'1489903',1353,,510,3,,,0
902019,'1489904',1453,,511,3,,,0
902019,'1489905',1553,,512,3,,,0
902019,'1489906',1653,,513,3,,,0
902019,'1492543',1837,,514,7,0,16 17,0,76,,514,29,,,0
902019,'1492544',1957,,515,7,0,16 17,0,76,,515,29,,,0
902019,'1492545',2117,,516,7,0,16 17,0,36,,516,29,,,0
902019,'1492546',757,,517,7,0,16 17,0,76,,517,29,,,0
902019,'1492547',917,,518,7,0,16 17,0,36,,518,29,,,0
902019,'1492548',1037,,519,7,0,16 17,0,76,,519,29,,,0
902019,'1492549',1157,,520,7,0,16 17,0,76,,520,29,,,0
902019,'1492550',1317,,521,7,0,16 17,0,36,,521,29,,,0
902019,'1492551',1437,,522,7,0,16 17,0,76,,522,29,,,0
902019,'1492552',1557,,523,7,0,16 17,0,76,,523,29,,,0
902019,'1492553',1717,,524,7,0,16 17,0,36,,524,29,,,0
902019,'1492554',1837,,525,7,0,16 17,0,76,,525,29,,,0
902019,'1492555',1957,,526,7,0,16 17,0,76,,526,29,,,0
902019,'1492556',2117,,527,7,0,16 17,0,36,,527,29,,,0
903019,'1492557',713,,443,3,0,5,0
903019,'1492558',813,,444,3,0,5,0
903019,'1492559',913,,445,3,0,5,0
903019,'1492560',1013,,446,3,0,5,0
903019,'1492561',1113,,447,3,0,5,0
903019,'1492562',1213,,448,3,0,5,0
903019,'1492563',1313,,449,3,0,5,0
903019,'1492564',1413,,450,3,0,5,0
903019,'1492565',1513,,451,3,0,5,0
903019,'1492566',1613,,452,3,0,5,0
903019,'1492567',1713,,453,3,0,5,0
30000019,'1486494',930,,528,9,,,0
30000019,'1486495',1030,,529,9,,,0
30000019,'1486496',1130,,530,9,,,0
30000019,'1486497',1230,,531,9,,,0
30000019,'1486498',1330,,532,9,,,0
30000019,'1486499',1430,,533,9,,,0
30000019,'1486500',1530,,534,9,,,0
30000019,'1486501',1630,,535,9,,,0
