20019,'1492422',701,,378,28,,,0
20019,'1492423',741,,379,28,,,0
20019,'1492424',821,,380,28,,,0
20019,'1492425',901,,381,28,,,0
20019,'1492426',941,,382,28,,,0
20019,'1492427',1021,,383,28,,,0
20019,'1492428',1101,,384,28,,,0
20019,'1492429',1141,,385,28,,,0
20019,'1492430',1221,,386,28,,,0
20019,'1492431',1301,,387,28,,,0
20019,'1492432',1341,,388,28,,,0
20019,'1492433',1421,,389,28,,,0
20019,'1492434',1501,,390,28,,,0
20019,'1492435',1541,,391,28,,,0
20019,'1492436',1621,,392,28,,,0
20019,'1492437',1701,,393,28,,,0
20019,'1492438',1741,,394,28,,,0
20019,'1492439',1821,,395,28,,,0
20019,'1492440',821,,396,28,,,0
20019,'1492441',901,,397,28,,,0
20019,'1492442',941,,398,28,,,0
20019,'1492443',1021,,399,28,,,0
20019,'1492444',1101,,400,28,,,0
20019,'1492445',1141,,401,28,,,0
20019,'1492446',1221,,402,28,,,0
20019,'1492447',1301,,403,28,,,0
20019,'1492448',1341,,404,28,,,0
20019,'1492449',1421,,405,28,,,0
20019,'1492450',1501,,406,28,,,0
20019,'1492451',1541,,407,28,,,0
20019,'1492452',1621,,408,28,,,0
20019,'1492453',1701,,409,28,,,0
20019,'1492454',1741,,410,28,,,0
20019,'1492455',1821,,411,28,,,0
