7019,'1482898',633,,111,8,0,8,0
7019,'1482899',753,,112,8,0,8,0
12019,'1482623',703,,170,8,0,8,0
12019,'1482624',803,,171,8,0,8,0
16019,'1488147',803,,287,19,0,9 10,0
16019,'1488148',903,,288,19,0,9 10,0
16019,'1488149',1003,,289,19,0,9 10,0
16019,'1488162',1303,,290,19,0,9 10,0
16019,'1488163',1403,,291,19,0,9 10,0
16019,'1488164',1503,,292,19,0,9 10,0
16019,'1488165',1603,,293,19,0,9 10,0
16019,'1488166',1703,,294,19,0,9 10,0
16019,'1488167',1803,,295,19,0,9 10,0
16019,'1492416',1103,,296,19,0,9 10,0
16019,'1492417',1203,,297,19,0,9 10,0
16019,'1492418',1103,,298,19,0,9 10,0
16019,'1492419',1203,,299,19,0,9 10,0
16019,'1492420',1503,,300,19,0,9 10,0
16019,'1492421',1603,,301,19,0,9 10,0
16019,'1492471',903,,302,19,0,9 10,0
16019,'1492472',1003,,303,19,0,9 10,0
16019,'1492473',1703,,304,19,0,9 10,0
16019,'1492474',1803,,305,19,0,9 10,0
16019,'1492475',1303,,306,19,0,9 10,0
16019,'1492476',1403,,307,19,0,9 10,0
