1019,'1485865',639,,26,8,0,11,0
1019,'1485866',719,,27,8,0,11,0
1019,'1485867',759,,28,8,0,11,0
1019,'1485868',839,,29,8,0,11,0
1019,'1485869',919,,30,8,0,11,0
1019,'1485870',959,,31,8,0,11,0
1019,'1485871',1039,,32,8,0,11,0
1019,'1485872',1119,,33,8,0,11,0
1019,'1485873',1159,,34,8,0,11,0
1019,'1485874',1239,,35,8,0,11,0
1019,'1485875',1319,,36,8,0,11,0
1019,'1485876',1359,,37,8,0,11,0
1019,'1485877',1439,,38,8,0,11,0
1019,'1485878',1519,,39,8,0,11,0
1019,'1485879',1559,,40,8,0,11,0
1019,'1485880',1639,,41,8,0,11,0
1019,'1485881',1719,,42,8,0,11,0
1019,'1485882',1759,,43,8,0,11,0
10019,'1480547',638,,159,3,,,0
10019,'1480551',1518,,160,3,,,0
10019,'1483448',638,,161,3,,,0
10019,'1483449',1518,,162,3,,,0
