19019,'1489098',642,,308,11,,,0
19019,'1489099',722,,309,11,,,0
19019,'1489100',802,,310,11,,,0
19019,'1489101',842,,311,11,,,0
19019,'1489102',922,,312,11,,,0
19019,'1489103',1002,,313,11,,,0
19019,'1489104',1042,,314,11,,,0
19019,'1489105',1122,,315,11,,,0
19019,'1489106',1202,,316,11,,,0
19019,'1489107',1242,,317,11,,,0
19019,'1489108',1322,,318,11,,,0
19019,'1489109',1402,,319,11,,,0
19019,'1489110',1442,,320,11,,,0
19019,'1489111',1522,,321,11,,,0
19019,'1489112',1602,,322,11,,,0
19019,'1489113',1642,,323,11,,,0
19019,'1489114',1722,,324,11,,,0
19019,'1489115',1802,,325,11,,,0
19019,'1489116',702,,326,11,,,0
19019,'1489117',742,,327,11,,,0
19019,'1489118',822,,328,11,,,0
19019,'1489119',902,,329,11,,,0
19019,'1489120',942,,330,11,,,0
19019,'1489121',1022,,331,11,,,0
19019,'1489122',1102,,332,11,,,0
19019,'1489123',1142,,333,11,,,0
19019,'1489124',1222,,334,11,,,0
19019,'1489125',1302,,335,11,,,0
19019,'1489126',1342,,336,11,,,0
19019,'1489127',1422,,337,11,,,0
19019,'1489128',1502,,338,11,,,0
19019,'1489129',1542,,339,11,,,0
19019,'1489130',1622,,340,11,,,0
19019,'1489131',1702,,341,11,,,0
19019,'1489132',1742,,342,11,,,0
19019,'1489362',642,,343,11,,,0
19019,'1489363',722,,344,11,,,0
19019,'1489364',802,,345,11,,,0
19019,'1489365',842,,346,11,,,0
19019,'1489366',922,,347,11,,,0
19019,'1489367',1002,,348,11,,,0
19019,'1489368',1042,,349,11,,,0
19019,'1489369',1122,,350,11,,,0
19019,'1489370',1202,,351,11,,,0
19019,'1489371',1242,,352,11,,,0
19019,'1489372',1322,,353,11,,,0
19019,'1489373',1402,,354,11,,,0
19019,'1489374',1442,,355,11,,,0
19019,'1489375',1522,,356,11,,,0
19019,'1489376',1602,,357,11,,,0
19019,'1489377',1642,,358,11,,,0
19019,'1489378',1722,,359,11,,,0
19019,'1489379',1802,,360,11,,,0
19019,'1489380',702,,361,11,,,0
19019,'1489381',742,,362,11,,,0
19019,'1489382',822,,363,11,,,0
19019,'1489383',902,,364,11,,,0
19019,'1489384',942,,365,11,,,0
19019,'1489385',1022,,366,11,,,0
19019,'1489386',1102,,367,11,,,0
19019,'1489387',1142,,368,11,,,0
19019,'1489388',1222,,369,11,,,0
19019,'1489389',1302,,370,11,,,0
19019,'1489390',1342,,371,11,,,0
19019,'1489391',1422,,372,11,,,0
19019,'1489392',1502,,373,11,,,0
19019,'1489393',1542,,374,11,,,0
19019,'1489394',1622,,375,11,,,0
19019,'1489395',1702,,376,11,,,0
19019,'1489396',1742,,377,11,,,0
901019,'1489082',842,,456,43,0,16 17,0
901019,'1489083',1002,,457,43,0,16 17,0
901019,'1489084',1122,,458,43,0,16 17,0
901019,'1489085',1242,,459,43,0,16 17,0
901019,'1489086',1402,,460,43,0,16 17,0
901019,'1489087',1522,,461,43,0,16 17,0
901019,'1489088',1642,,462,43,0,16 17,0
901019,'1489089',1802,,463,43,0,16 17,0
901019,'1489090',1922,,464,43,0,16 17,0
901019,'1489091',2042,,465,43,0,16 17,0
901019,'1489092',2202,,466,43,0,16 17,0
901019,'1489247',1922,,467,43,0,16 17,0
901019,'1489248',2042,,468,43,0,16 17,0
901019,'1489249',2202,,469,43,0,16 17,0
901019,'1492540',1922,,494,43,0,16 17,0
901019,'1492541',2042,,495,43,0,16 17,0
901019,'1492542',2202,,496,43,0,16 17,0
902019,'1488205',1842,,497,11,0,16 17,0
902019,'1488206',2002,,498,11,0,16 17,0
902019,'1488207',2122,,499,11,0,16 17,0
902019,'1492543',1842,,514,11,0,16 17,0
902019,'1492544',2002,,515,11,0,16 17,0
902019,'1492545',2122,,516,11,0,16 17,0
902019,'1492546',802,,517,11,0,16 17,0
902019,'1492547',922,,518,11,0,16 17,0
902019,'1492548',1042,,519,11,0,16 17,0
902019,'1492549',1202,,520,11,0,16 17,0
902019,'1492550',1322,,521,11,0,16 17,0
902019,'1492551',1442,,522,11,0,16 17,0
902019,'1492552',1602,,523,11,0,16 17,0
902019,'1492553',1722,,524,11,0,16 17,0
902019,'1492554',1842,,525,11,0,16 17,0
902019,'1492555',2002,,526,11,0,16 17,0
902019,'1492556',2122,,527,11,0,16 17,0
