20019,'1492422',656,,378,23,,,0
20019,'1492423',736,,379,23,,,0
20019,'1492424',816,,380,23,,,0
20019,'1492425',856,,381,23,,,0
20019,'1492426',936,,382,23,,,0
20019,'1492427',1016,,383,23,,,0
20019,'1492428',1056,,384,23,,,0
20019,'1492429',1136,,385,23,,,0
20019,'1492430',1216,,386,23,,,0
20019,'1492431',1256,,387,23,,,0
20019,'1492432',1336,,388,23,,,0
20019,'1492433',1416,,389,23,,,0
20019,'1492434',1456,,390,23,,,0
20019,'1492435',1536,,391,23,,,0
20019,'1492436',1616,,392,23,,,0
20019,'1492437',1656,,393,23,,,0
20019,'1492438',1736,,394,23,,,0
20019,'1492439',1816,,395,23,,,0
20019,'1492440',816,,396,23,,,0
20019,'1492441',856,,397,23,,,0
20019,'1492442',936,,398,23,,,0
20019,'1492443',1016,,399,23,,,0
20019,'1492444',1056,,400,23,,,0
20019,'1492445',1136,,401,23,,,0
20019,'1492446',1216,,402,23,,,0
20019,'1492447',1256,,403,23,,,0
20019,'1492448',1336,,404,23,,,0
20019,'1492449',1416,,405,23,,,0
20019,'1492450',1456,,406,23,,,0
20019,'1492451',1536,,407,23,,,0
20019,'1492452',1616,,408,23,,,0
20019,'1492453',1656,,409,23,,,0
20019,'1492454',1736,,410,23,,,0
20019,'1492455',1816,,411,23,,,0
