15019,'1484063',723,,257,54,,,0
15019,'1484064',823,,258,54,,,0
15019,'1484065',923,,259,54,,,0
15019,'1484066',1023,,260,54,,,0
15019,'1484067',1123,,261,54,,,0
15019,'1484068',1223,,262,54,,,0
15019,'1484069',1323,,263,54,,,0
15019,'1484070',1423,,264,54,,,0
15019,'1484071',1523,,265,54,,,0
15019,'1484072',1623,,266,54,,,0
15019,'1484073',1723,,267,54,,,0
15019,'1484074',1823,,268,54,,,0
15019,'1489344',1923,,269,54,,,0
15019,'1489345',2023,,270,54,,,0
15019,'1489346',2123,,271,54,,,0
15019,'1489347',2223,,272,54,,,0
15019,'1489348',923,,273,54,,,0
15019,'1489349',1023,,274,54,,,0
15019,'1489350',1123,,275,54,,,0
15019,'1489351',1223,,276,54,,,0
15019,'1489352',1323,,277,54,,,0
15019,'1489353',1423,,278,54,,,0
15019,'1489354',1523,,279,54,,,0
15019,'1489355',1623,,280,54,,,0
15019,'1489356',1723,,281,54,,,0
15019,'1489357',1823,,282,54,,,0
15019,'1489358',1923,,283,54,,,0
15019,'1489359',2023,,284,54,,,0
15019,'1489360',2123,,285,54,,,0
15019,'1489361',2223,,286,54,,,0
20019,'1492422',704,,378,30,,,0
20019,'1492423',744,,379,30,,,0
20019,'1492424',824,,380,30,,,0
20019,'1492425',904,,381,30,,,0
20019,'1492426',944,,382,30,,,0
20019,'1492427',1024,,383,30,,,0
20019,'1492428',1104,,384,30,,,0
20019,'1492429',1144,,385,30,,,0
20019,'1492430',1224,,386,30,,,0
20019,'1492431',1304,,387,30,,,0
20019,'1492432',1344,,388,30,,,0
20019,'1492433',1424,,389,30,,,0
20019,'1492434',1504,,390,30,,,0
20019,'1492435',1544,,391,30,,,0
20019,'1492436',1624,,392,30,,,0
20019,'1492437',1704,,393,30,,,0
20019,'1492438',1744,,394,30,,,0
20019,'1492439',1824,,395,30,,,0
20019,'1492440',824,,396,30,,,0
20019,'1492441',904,,397,30,,,0
20019,'1492442',944,,398,30,,,0
20019,'1492443',1024,,399,30,,,0
20019,'1492444',1104,,400,30,,,0
20019,'1492445',1144,,401,30,,,0
20019,'1492446',1224,,402,30,,,0
20019,'1492447',1304,,403,30,,,0
20019,'1492448',1344,,404,30,,,0
20019,'1492449',1424,,405,30,,,0
20019,'1492450',1504,,406,30,,,0
20019,'1492451',1544,,407,30,,,0
20019,'1492452',1624,,408,30,,,0
20019,'1492453',1704,,409,30,,,0
20019,'1492454',1744,,410,30,,,0
20019,'1492455',1824,,411,30,,,0
66019,'1489865',815,,412,12,,,0
66019,'1489866',845,,413,12,,,0
66019,'1489867',915,,414,12,,,0
66019,'1489868',945,,415,12,,,0
66019,'1489869',1015,,416,12,,,0
66019,'1489870',1045,,417,12,,,0
66019,'1489871',1115,,418,12,,,0
66019,'1489872',1145,,419,12,,,0
66019,'1489873',1215,,420,12,,,0
66019,'1489874',1245,,421,12,,,0
66019,'1489875',1315,,422,12,,,0
66019,'1489876',1345,,423,12,,,0
66019,'1489877',1415,,424,12,,,0
66019,'1489878',1445,,425,12,,,0
66019,'1489879',1515,,426,12,,,0
66019,'1489880',1545,,427,12,,,0
66019,'1489881',1615,,428,12,,,0
66019,'1489882',1645,,429,12,,,0
66019,'1489883',1715,,430,12,,,0
