7019,'1489971',642,,113,7,0,7,0
7019,'1489972',722,,114,7,0,7,0
7019,'1489973',802,,115,7,0,7,0
7019,'1489974',842,,116,7,0,7,0
7019,'1489975',922,,117,7,0,7,0
7019,'1489976',1002,,118,7,0,7,0
7019,'1489983',1442,,119,7,0,7,0
7019,'1489984',1522,,120,7,0,7,0
7019,'1489985',1602,,121,7,0,7,0
7019,'1489986',1642,,122,7,0,7,0
7019,'1489987',1722,,123,7,0,7,0
7019,'1489988',1802,,124,7,0,7,0
7019,'1489995',802,,125,7,0,7,0
7019,'1489996',842,,126,7,0,7,0
7019,'1489997',922,,127,7,0,7,0
7019,'1489998',1002,,128,7,0,7,0
7019,'1489999',1042,,129,7,0,7,0
7019,'1490000',1122,,130,7,0,7,0
7019,'1490001',1202,,131,7,0,7,0
7019,'1490002',1242,,132,7,0,7,0
7019,'1490003',1322,,133,7,0,7,0
7019,'1490004',1402,,134,7,0,7,0
7019,'1490005',1442,,135,7,0,7,0
7019,'1490006',1522,,136,7,0,7,0
7019,'1490007',1602,,137,7,0,7,0
7019,'1490008',1642,,138,7,0,7,0
7019,'1490009',1722,,139,7,0,7,0
7019,'1490010',1802,,140,7,0,7,0
7019,'1492401',1242,,141,7,0,7,0
7019,'1492402',1322,,142,7,0,7,0
7019,'1492403',1402,,143,7,0,7,0
7019,'1492404',1642,,144,7,0,7,0
7019,'1492405',1722,,145,7,0,7,0
7019,'1492406',1802,,146,7,0,7,0
7019,'1492407',1242,,147,7,0,7,0
7019,'1492408',1322,,148,7,0,7,0
7019,'1492409',1402,,149,7,0,7,0
7019,'1492456',1042,,150,7,0,7,0
7019,'1492457',1122,,151,7,0,7,0
7019,'1492458',1202,,152,7,0,7,0
7019,'1492459',1442,,153,7,0,7,0
7019,'1492460',1522,,154,7,0,7,0
7019,'1492461',1602,,155,7,0,7,0
7019,'1492462',1042,,156,7,0,7,0
7019,'1492463',1122,,157,7,0,7,0
7019,'1492464',1202,,158,7,0,7,0
