15019,'1484063',636,,257,9,,,0
15019,'1484064',736,,258,9,,,0
15019,'1484065',836,,259,9,,,0
15019,'1484066',936,,260,9,,,0
15019,'1484067',1036,,261,9,,,0
15019,'1484068',1136,,262,9,,,0
15019,'1484069',1236,,263,9,,,0
15019,'1484070',1336,,264,9,,,0
15019,'1484071',1436,,265,9,,,0
15019,'1484072',1536,,266,9,,,0
15019,'1484073',1636,,267,9,,,0
15019,'1484074',1736,,268,9,,,0
15019,'1489344',1836,,269,9,,,0
15019,'1489345',1936,,270,9,,,0
15019,'1489346',2036,,271,9,,,0
15019,'1489347',2136,,272,9,,,0
15019,'1489348',836,,273,9,,,0
15019,'1489349',936,,274,9,,,0
15019,'1489350',1036,,275,9,,,0
15019,'1489351',1136,,276,9,,,0
15019,'1489352',1236,,277,9,,,0
15019,'1489353',1336,,278,9,,,0
15019,'1489354',1436,,279,9,,,0
15019,'1489355',1536,,280,9,,,0
15019,'1489356',1636,,281,9,,,0
15019,'1489357',1736,,282,9,,,0
15019,'1489358',1836,,283,9,,,0
15019,'1489359',1936,,284,9,,,0
15019,'1489360',2036,,285,9,,,0
15019,'1489361',2136,,286,9,,,0
