1019,'1482680',805,,3,13,0,18,0
1019,'1482681',845,,4,13,0,18,0
1019,'1482682',925,,5,13,0,18,0
1019,'1482683',1005,,6,13,0,18,0
1019,'1482684',1045,,7,13,0,18,0
1019,'1482685',1125,,8,13,0,18,0
1019,'1482686',1205,,9,13,0,18,0
1019,'1482687',1245,,10,13,0,18,0
1019,'1482688',1325,,11,13,0,18,0
1019,'1482689',1405,,12,13,0,18,0
1019,'1482690',1445,,13,13,0,18,0
1019,'1482691',1525,,14,13,0,18,0
1019,'1482692',1605,,15,13,0,18,0
1019,'1482693',1645,,16,13,0,18,0
1019,'1482694',1725,,17,13,0,18,0
1019,'1482695',1805,,18,13,0,18,0
1019,'1482696',1845,,19,13,0,18,0
1019,'1482697',1925,,20,13,0,18,0
1019,'1482698',2005,,21,13,0,18,0
1019,'1482699',2045,,22,13,0,18,0
1019,'1482700',2125,,23,13,0,18,0
1019,'1482701',2205,,24,13,0,18,0
1019,'1485865',644,,26,16,0,11,0
1019,'1485866',724,,27,16,0,11,0
1019,'1485867',804,,28,16,0,11,0
1019,'1485868',844,,29,16,0,11,0
1019,'1485869',924,,30,16,0,11,0
1019,'1485870',1004,,31,16,0,11,0
1019,'1485871',1044,,32,16,0,11,0
1019,'1485872',1124,,33,16,0,11,0
1019,'1485873',1204,,34,16,0,11,0
1019,'1485874',1244,,35,16,0,11,0
1019,'1485875',1324,,36,16,0,11,0
1019,'1485876',1404,,37,16,0,11,0
1019,'1485877',1444,,38,16,0,11,0
1019,'1485878',1524,,39,16,0,11,0
1019,'1485879',1604,,40,16,0,11,0
1019,'1485880',1644,,41,16,0,11,0
1019,'1485881',1724,,42,16,0,11,0
1019,'1485882',1804,,43,16,0,11,0
10019,'1483448',644,,161,11,0,5,0
10019,'1483449',1524,,162,11,0,5,0
10019,'1486951',706,,163,17,,,0
10019,'1486952',726,,164,17,,,0
10019,'1486953',746,,165,17,,,0
10019,'1486954',1546,,166,17,,,0
10019,'1486955',1606,,167,17,,,0
10019,'1486956',1626,,168,17,,,0
10019,'1486957',1646,,169,17,,,0
