4019,'1489036',702,,65,25,,,0
4019,'1489037',742,,66,25,,,0
4019,'1489038',822,,67,25,,,0
4019,'1489039',902,,68,25,,,0
4019,'1489040',942,,69,25,,,0
4019,'1489041',1022,,70,25,,,0
4019,'1489042',1102,,71,25,,,0
4019,'1489043',1142,,72,25,,,0
4019,'1489044',1222,,73,25,,,0
4019,'1489045',1302,,74,25,,,0
4019,'1489046',1342,,75,25,,,0
4019,'1489047',1422,,76,25,,,0
4019,'1489048',1502,,77,25,,,0
4019,'1489049',1542,,78,25,,,0
4019,'1489050',1622,,79,25,,,0
4019,'1489051',1702,,80,25,,,0
4019,'1489052',1742,,81,25,,,0
4019,'1489053',1822,,82,25,,,0
4019,'1489054',1902,,83,25,,,0
4019,'1489055',1942,,84,25,,,0
4019,'1489056',2022,,85,25,,,0
4019,'1489057',2102,,86,25,,,0
4019,'1489058',2142,,87,25,,,0
4019,'1489059',2222,,88,25,,,0
4019,'1489060',822,,89,25,,,0
4019,'1489061',902,,90,25,,,0
4019,'1489062',942,,91,25,,,0
4019,'1489063',1022,,92,25,,,0
4019,'1489064',1102,,93,25,,,0
4019,'1489065',1142,,94,25,,,0
4019,'1489066',1222,,95,25,,,0
4019,'1489067',1302,,96,25,,,0
4019,'1489068',1342,,97,25,,,0
4019,'1489069',1422,,98,25,,,0
4019,'1489070',1502,,99,25,,,0
4019,'1489071',1542,,100,25,,,0
4019,'1489072',1622,,101,25,,,0
4019,'1489073',1702,,102,25,,,0
4019,'1489074',1742,,103,25,,,0
4019,'1489075',1822,,104,25,,,0
4019,'1489076',1902,,105,25,,,0
4019,'1489077',1942,,106,25,,,0
4019,'1489078',2022,,107,25,,,0
4019,'1489079',2102,,108,25,,,0
4019,'1489080',2142,,109,25,,,0
4019,'1489081',2222,,110,25,,,0
