20019,'1492422',636,,378,7,,,0
20019,'1492423',716,,379,7,,,0
20019,'1492424',756,,380,7,,,0
20019,'1492425',836,,381,7,,,0
20019,'1492426',916,,382,7,,,0
20019,'1492427',956,,383,7,,,0
20019,'1492428',1036,,384,7,,,0
20019,'1492429',1116,,385,7,,,0
20019,'1492430',1156,,386,7,,,0
20019,'1492431',1236,,387,7,,,0
20019,'1492432',1316,,388,7,,,0
20019,'1492433',1356,,389,7,,,0
20019,'1492434',1436,,390,7,,,0
20019,'1492435',1516,,391,7,,,0
20019,'1492436',1556,,392,7,,,0
20019,'1492437',1636,,393,7,,,0
20019,'1492438',1716,,394,7,,,0
20019,'1492439',1756,,395,7,,,0
20019,'1492440',756,,396,7,,,0
20019,'1492441',836,,397,7,,,0
20019,'1492442',916,,398,7,,,0
20019,'1492443',956,,399,7,,,0
20019,'1492444',1036,,400,7,,,0
20019,'1492445',1116,,401,7,,,0
20019,'1492446',1156,,402,7,,,0
20019,'1492447',1236,,403,7,,,0
20019,'1492448',1316,,404,7,,,0
20019,'1492449',1356,,405,7,,,0
20019,'1492450',1436,,406,7,,,0
20019,'1492451',1516,,407,7,,,0
20019,'1492452',1556,,408,7,,,0
20019,'1492453',1636,,409,7,,,0
20019,'1492454',1716,,410,7,,,0
20019,'1492455',1756,,411,7,,,0
