12019,'1490514',714,,172,7,0,12 13,0
12019,'1490515',814,,173,7,0,12 13,0
12019,'1490516',914,,174,7,0,12 13,0
12019,'1490517',1014,,175,7,0,12 13,0
12019,'1490533',1514,,176,7,0,12 13,0
12019,'1490534',1614,,177,7,0,12 13,0
12019,'1490535',1714,,178,7,0,12 13,0
12019,'1490536',1814,,179,7,0,12 13,0
12019,'1492410',1114,,180,7,0,12 13,0
12019,'1492411',1214,,181,7,0,12 13,0
12019,'1492465',1314,,182,7,0,12 13,0
12019,'1492466',1414,,183,7,0,12 13,0
12019,'1492505',714,,184,7,0,12 13,0
12019,'1492506',814,,185,7,0,12 13,0
12019,'1492507',1114,,186,7,0,12 13,0
12019,'1492508',1214,,187,7,0,12 13,0
12019,'1492509',1514,,188,7,0,12 13,0
12019,'1492510',1614,,189,7,0,12 13,0
12019,'1492511',814,,190,7,0,12 13,0
12019,'1492512',1114,,191,7,0,12 13,0
12019,'1492513',1214,,192,7,0,12 13,0
12019,'1492514',1514,,193,7,0,12 13,0
12019,'1492515',1614,,194,7,0,12 13,0
12019,'1492516',914,,195,7,0,12 13,0
12019,'1492517',1014,,196,7,0,12 13,0
12019,'1492518',1314,,197,7,0,12 13,0
12019,'1492519',1414,,198,7,0,12 13,0
12019,'1492520',1714,,199,7,0,12 13,0
12019,'1492521',1814,,200,7,0,12 13,0
12019,'1492522',914,,201,7,0,12 13,0
12019,'1492523',1014,,202,7,0,12 13,0
12019,'1492524',1314,,203,7,0,12 13,0
12019,'1492525',1414,,204,7,0,12 13,0
12019,'1492526',1714,,205,7,0,12 13,0
12019,'1492527',1814,,206,7,0,12 13,0
