901019,'1489082',757,,456,9,,,0
901019,'1489083',917,,457,9,,,0
901019,'1489084',1037,,458,9,,,0
901019,'1489085',1157,,459,9,,,0
901019,'1489086',1317,,460,9,,,0
901019,'1489087',1437,,461,9,,,0
901019,'1489088',1557,,462,9,,,0
901019,'1489089',1717,,463,9,,,0
901019,'1489090',1837,,464,9,,,0
901019,'1489091',1957,,465,9,,,0
901019,'1489092',2117,,466,9,,,0
901019,'1489247',1837,,467,9,,,0
901019,'1489248',1957,,468,9,,,0
901019,'1489249',2117,,469,9,,,0
901019,'1489884',637,,470,9,,,0
901019,'1489885',737,,471,9,,,0
901019,'1489886',837,,472,9,,,0
901019,'1489887',937,,473,9,,,0
901019,'1489888',1037,,474,9,,,0
901019,'1489889',1137,,475,9,,,0
901019,'1489890',1237,,476,9,,,0
901019,'1489891',1337,,477,9,,,0
901019,'1489892',1437,,478,9,,,0
901019,'1489893',1537,,479,9,,,0
901019,'1489894',1637,,480,9,,,0
901019,'1489895',1737,,481,9,,,0
901019,'1492528',637,,482,9,,,0
901019,'1492529',737,,483,9,,,0
901019,'1492530',837,,484,9,,,0
901019,'1492531',937,,485,9,,,0
901019,'1492532',1037,,486,9,,,0
901019,'1492533',1137,,487,9,,,0
901019,'1492534',1237,,488,9,,,0
901019,'1492535',1337,,489,9,,,0
901019,'1492536',1437,,490,9,,,0
901019,'1492537',1537,,491,9,,,0
901019,'1492538',1637,,492,9,,,0
901019,'1492539',1737,,493,9,,,0
901019,'1492540',1837,,494,9,,,0
901019,'1492541',1957,,495,9,,,0
901019,'1492542',2117,,496,9,,,0
902019,'1488205',1917,,497,35,,,0
902019,'1488206',2037,,498,35,,,0
902019,'1488207',2157,,499,35,,,0
902019,'1488257',1757,,500,9,,,0
902019,'1489896',657,,503,9,,,0
902019,'1489897',757,,504,9,,,0
902019,'1489898',857,,505,9,,,0
902019,'1489899',957,,506,9,,,0
902019,'1489900',1057,,507,9,,,0
902019,'1489901',1157,,508,9,,,0
902019,'1489902',1257,,509,9,,,0
902019,'1489903',1357,,510,9,,,0
902019,'1489904',1457,,511,9,,,0
902019,'1489905',1557,,512,9,,,0
902019,'1489906',1657,,513,9,,,0
902019,'1492543',1917,,514,35,,,0
902019,'1492544',2037,,515,35,,,0
902019,'1492545',2157,,516,35,,,0
902019,'1492546',837,,517,35,,,0
902019,'1492547',957,,518,35,,,0
902019,'1492548',1117,,519,35,,,0
902019,'1492549',1237,,520,35,,,0
902019,'1492550',1357,,521,35,,,0
902019,'1492551',1517,,522,35,,,0
902019,'1492552',1637,,523,35,,,0
902019,'1492553',1757,,524,35,,,0
902019,'1492554',1917,,525,35,,,0
902019,'1492555',2037,,526,35,,,0
902019,'1492556',2157,,527,35,,,0
903019,'1492477',717,,432,9,0,5,0
903019,'1492478',817,,433,9,0,5,0
903019,'1492479',917,,434,9,0,5,0
903019,'1492480',1017,,435,9,0,5,0
903019,'1492481',1117,,436,9,0,5,0
903019,'1492482',1217,,437,9,0,5,0
903019,'1492483',1317,,438,9,0,5,0
903019,'1492484',1417,,439,9,0,5,0
903019,'1492485',1517,,440,9,0,5,0
903019,'1492486',1617,,441,9,0,5,0
903019,'1492487',1717,,442,9,0,5,0
903019,'1492557',717,,443,9,0,5,0
903019,'1492558',817,,444,9,0,5,0
903019,'1492559',917,,445,9,0,5,0
903019,'1492560',1017,,446,9,0,5,0
903019,'1492561',1117,,447,9,0,5,0
903019,'1492562',1217,,448,9,0,5,0
903019,'1492563',1317,,449,9,0,5,0
903019,'1492564',1417,,450,9,0,5,0
903019,'1492565',1517,,451,9,0,5,0
903019,'1492566',1617,,452,9,0,5,0
903019,'1492567',1717,,453,9,0,5,0
30000019,'1486494',1000,,528,23,,,0
30000019,'1486495',1100,,529,23,,,0
30000019,'1486496',1200,,530,23,,,0
30000019,'1486497',1300,,531,23,,,0
30000019,'1486498',1400,,532,23,,,0
30000019,'1486499',1500,,533,23,,,0
30000019,'1486500',1600,,534,23,,,0
30000019,'1486501',1700,,535,23,,,0
