1019,'1483501',746,,25,6,0,18,0
2019,'1486350',642,,45,18,,,0
2019,'1486351',722,,46,18,,,0
2019,'1486352',802,,47,18,,,0
2019,'1486353',842,,48,18,,,0
2019,'1486354',922,,49,18,,,0
2019,'1486355',1002,,50,18,,,0
2019,'1486356',1042,,51,18,,,0
2019,'1486357',1122,,52,18,,,0
2019,'1486358',1202,,53,18,,,0
2019,'1486359',1242,,54,18,,,0
2019,'1486360',1322,,55,18,,,0
2019,'1486361',1402,,56,18,,,0
2019,'1486362',1442,,57,18,,,0
2019,'1486363',1522,,58,18,,,0
2019,'1486364',1602,,59,18,,,0
2019,'1486365',1642,,60,18,,,0
2019,'1486366',1722,,61,18,,,0
2019,'1486958',1802,,62,18,,,0
4019,'1480746',624,,63,2,,,0
4019,'1480747',744,,64,2,,,0
