66019,'1489865',826,,412,19,,,0
66019,'1489866',856,,413,19,,,0
66019,'1489867',926,,414,19,,,0
66019,'1489868',956,,415,19,,,0
66019,'1489869',1026,,416,19,,,0
66019,'1489870',1056,,417,19,,,0
66019,'1489871',1126,,418,19,,,0
66019,'1489872',1156,,419,19,,,0
66019,'1489873',1226,,420,19,,,0
66019,'1489874',1256,,421,19,,,0
66019,'1489875',1326,,422,19,,,0
66019,'1489876',1356,,423,19,,,0
66019,'1489877',1426,,424,19,,,0
66019,'1489878',1456,,425,19,,,0
66019,'1489879',1526,,426,19,,,0
66019,'1489880',1556,,427,19,,,0
66019,'1489881',1626,,428,19,,,0
66019,'1489882',1656,,429,19,,,0
66019,'1489883',1726,,430,19,,,0
