15019,'1484063',705,,257,43,,,0
15019,'1484064',805,,258,43,,,0
15019,'1484065',905,,259,43,,,0
15019,'1484066',1005,,260,43,,,0
15019,'1484067',1105,,261,43,,,0
15019,'1484068',1205,,262,43,,,0
15019,'1484069',1305,,263,43,,,0
15019,'1484070',1405,,264,43,,,0
15019,'1484071',1505,,265,43,,,0
15019,'1484072',1605,,266,43,,,0
15019,'1484073',1705,,267,43,,,0
15019,'1484074',1805,,268,43,,,0
15019,'1489344',1905,,269,43,,,0
15019,'1489345',2005,,270,43,,,0
15019,'1489346',2105,,271,43,,,0
15019,'1489347',2205,,272,43,,,0
15019,'1489348',905,,273,43,,,0
15019,'1489349',1005,,274,43,,,0
15019,'1489350',1105,,275,43,,,0
15019,'1489351',1205,,276,43,,,0
15019,'1489352',1305,,277,43,,,0
15019,'1489353',1405,,278,43,,,0
15019,'1489354',1505,,279,43,,,0
15019,'1489355',1605,,280,43,,,0
15019,'1489356',1705,,281,43,,,0
15019,'1489357',1805,,282,43,,,0
15019,'1489358',1905,,283,43,,,0
15019,'1489359',2005,,284,43,,,0
15019,'1489360',2105,,285,43,,,0
15019,'1489361',2205,,286,43,,,0
