7019,'1489971',655,,113,19,0,7,0
7019,'1489972',735,,114,19,0,7,0
7019,'1489973',815,,115,19,0,7,0
7019,'1489974',855,,116,19,0,7,0
7019,'1489975',935,,117,19,0,7,0
7019,'1489976',1015,,118,19,0,7,0
7019,'1489983',1455,,119,19,0,7,0
7019,'1489984',1535,,120,19,0,7,0
7019,'1489985',1615,,121,19,0,7,0
7019,'1489986',1655,,122,19,0,7,0
7019,'1489987',1735,,123,19,0,7,0
7019,'1489988',1815,,124,19,0,7,0
7019,'1489995',815,,125,19,0,7,0
7019,'1489996',855,,126,19,0,7,0
7019,'1489997',935,,127,19,0,7,0
7019,'1489998',1015,,128,19,0,7,0
7019,'1489999',1055,,129,19,0,7,0
7019,'1490000',1135,,130,19,0,7,0
7019,'1490001',1215,,131,19,0,7,0
7019,'1490002',1255,,132,19,0,7,0
7019,'1490003',1335,,133,19,0,7,0
7019,'1490004',1415,,134,19,0,7,0
7019,'1490005',1455,,135,19,0,7,0
7019,'1490006',1535,,136,19,0,7,0
7019,'1490007',1615,,137,19,0,7,0
7019,'1490008',1655,,138,19,0,7,0
7019,'1490009',1735,,139,19,0,7,0
7019,'1490010',1815,,140,19,0,7,0
7019,'1492401',1255,,141,19,0,7,0
7019,'1492402',1335,,142,19,0,7,0
7019,'1492403',1415,,143,19,0,7,0
7019,'1492404',1655,,144,19,0,7,0
7019,'1492405',1735,,145,19,0,7,0
7019,'1492406',1815,,146,19,0,7,0
7019,'1492407',1255,,147,19,0,7,0
7019,'1492408',1335,,148,19,0,7,0
7019,'1492409',1415,,149,19,0,7,0
7019,'1492456',1055,,150,19,0,7,0
7019,'1492457',1135,,151,19,0,7,0
7019,'1492458',1215,,152,19,0,7,0
7019,'1492459',1455,,153,19,0,7,0
7019,'1492460',1535,,154,19,0,7,0
7019,'1492461',1615,,155,19,0,7,0
7019,'1492462',1055,,156,19,0,7,0
7019,'1492463',1135,,157,19,0,7,0
7019,'1492464',1215,,158,19,0,7,0
