19019,'1489098',700,,308,23,,,0
19019,'1489099',740,,309,23,,,0
19019,'1489100',820,,310,23,,,0
19019,'1489101',900,,311,23,,,0
19019,'1489102',940,,312,23,,,0
19019,'1489103',1020,,313,23,,,0
19019,'1489104',1100,,314,23,,,0
19019,'1489105',1140,,315,23,,,0
19019,'1489106',1220,,316,23,,,0
19019,'1489107',1300,,317,23,,,0
19019,'1489108',1340,,318,23,,,0
19019,'1489109',1420,,319,23,,,0
19019,'1489110',1500,,320,23,,,0
19019,'1489111',1540,,321,23,,,0
19019,'1489112',1620,,322,23,,,0
19019,'1489113',1700,,323,23,,,0
19019,'1489114',1740,,324,23,,,0
19019,'1489115',1820,,325,23,,,0
19019,'1489116',720,,326,23,,,0
19019,'1489117',800,,327,23,,,0
19019,'1489118',840,,328,23,,,0
19019,'1489119',920,,329,23,,,0
19019,'1489120',1000,,330,23,,,0
19019,'1489121',1040,,331,23,,,0
19019,'1489122',1120,,332,23,,,0
19019,'1489123',1200,,333,23,,,0
19019,'1489124',1240,,334,23,,,0
19019,'1489125',1320,,335,23,,,0
19019,'1489126',1400,,336,23,,,0
19019,'1489127',1440,,337,23,,,0
19019,'1489128',1520,,338,23,,,0
19019,'1489129',1600,,339,23,,,0
19019,'1489130',1640,,340,23,,,0
19019,'1489131',1720,,341,23,,,0
19019,'1489132',1800,,342,23,,,0
901019,'1489082',900,,456,54,0,16 17,0
901019,'1489083',1020,,457,54,0,16 17,0
901019,'1489084',1140,,458,54,0,16 17,0
901019,'1489085',1300,,459,54,0,16 17,0
901019,'1489086',1420,,460,54,0,16 17,0
901019,'1489087',1540,,461,54,0,16 17,0
901019,'1489088',1700,,462,54,0,16 17,0
901019,'1489089',1820,,463,54,0,16 17,0
901019,'1489090',1940,,464,54,0,16 17,0
901019,'1489091',2100,,465,54,0,16 17,0
901019,'1489092',2220,,466,54,0,16 17,0
901019,'1492540',1940,,494,54,0,16 17,0
901019,'1492541',2100,,495,54,0,16 17,0
901019,'1492542',2220,,496,54,0,16 17,0
902019,'1492543',1900,,514,22,0,16 17,0
902019,'1492544',2020,,515,22,0,16 17,0
902019,'1492545',2140,,516,22,0,16 17,0
902019,'1492546',820,,517,22,0,16 17,0
902019,'1492547',940,,518,22,0,16 17,0
902019,'1492548',1100,,519,22,0,16 17,0
902019,'1492549',1220,,520,22,0,16 17,0
902019,'1492550',1340,,521,22,0,16 17,0
902019,'1492551',1500,,522,22,0,16 17,0
902019,'1492552',1620,,523,22,0,16 17,0
902019,'1492553',1740,,524,22,0,16 17,0
902019,'1492554',1900,,525,22,0,16 17,0
902019,'1492555',2020,,526,22,0,16 17,0
902019,'1492556',2140,,527,22,0,16 17,0
30000019,'1486494',942,,528,15,,,0
30000019,'1486495',1042,,529,15,,,0
30000019,'1486496',1142,,530,15,,,0
30000019,'1486497',1242,,531,15,,,0
30000019,'1486498',1342,,532,15,,,0
30000019,'1486499',1442,,533,15,,,0
30000019,'1486500',1542,,534,15,,,0
30000019,'1486501',1642,,535,15,,,0
