66019,'1489865',807,,412,7,0,19,0
66019,'1489866',837,,413,7,0,19,0
66019,'1489867',907,,414,7,0,19,0
66019,'1489868',937,,415,7,0,19,0
66019,'1489869',1007,,416,7,0,19,0
66019,'1489870',1037,,417,7,0,19,0
66019,'1489871',1107,,418,7,0,19,0
66019,'1489872',1137,,419,7,0,19,0
66019,'1489873',1207,,420,7,0,19,0
66019,'1489874',1237,,421,7,0,19,0
66019,'1489875',1307,,422,7,0,19,0
66019,'1489876',1337,,423,7,0,19,0
66019,'1489877',1407,,424,7,0,19,0
66019,'1489878',1437,,425,7,0,19,0
66019,'1489879',1507,,426,7,0,19,0
66019,'1489880',1537,,427,7,0,19,0
66019,'1489881',1607,,428,7,0,19,0
66019,'1489882',1637,,429,7,0,19,0
66019,'1489883',1707,,430,7,0,19,0
