7019,'1482898',637,,111,12,0,8,0
7019,'1482899',757,,112,12,0,8,0
7019,'1489971',717,,113,42,0,7,0
7019,'1489972',757,,114,42,0,7,0
7019,'1489973',837,,115,42,0,7,0
7019,'1489974',917,,116,42,0,7,0
7019,'1489975',957,,117,42,0,7,0
7019,'1489976',1037,,118,42,0,7,0
7019,'1489983',1517,,119,42,0,7,0
7019,'1489984',1557,,120,42,0,7,0
7019,'1489985',1637,,121,42,0,7,0
7019,'1489986',1717,,122,42,0,7,0
7019,'1489987',1757,,123,42,0,7,0
7019,'1489988',1837,,124,42,0,7,0
7019,'1489995',837,,125,42,0,7,0
7019,'1489996',917,,126,42,0,7,0
7019,'1489997',957,,127,42,0,7,0
7019,'1489998',1037,,128,42,0,7,0
7019,'1489999',1117,,129,42,0,7,0
7019,'1490000',1157,,130,42,0,7,0
7019,'1490001',1237,,131,42,0,7,0
7019,'1490002',1317,,132,42,0,7,0
7019,'1490003',1357,,133,42,0,7,0
7019,'1490004',1437,,134,42,0,7,0
7019,'1490005',1517,,135,42,0,7,0
7019,'1490006',1557,,136,42,0,7,0
7019,'1490007',1637,,137,42,0,7,0
7019,'1490008',1717,,138,42,0,7,0
7019,'1490009',1757,,139,42,0,7,0
7019,'1490010',1837,,140,42,0,7,0
7019,'1492401',1317,,141,42,0,7,0
7019,'1492402',1357,,142,42,0,7,0
7019,'1492403',1437,,143,42,0,7,0
7019,'1492404',1717,,144,42,0,7,0
7019,'1492405',1757,,145,42,0,7,0
7019,'1492406',1837,,146,42,0,7,0
7019,'1492407',1317,,147,42,0,7,0
7019,'1492408',1357,,148,42,0,7,0
7019,'1492409',1437,,149,42,0,7,0
7019,'1492456',1117,,150,42,0,7,0
7019,'1492457',1157,,151,42,0,7,0
7019,'1492458',1237,,152,42,0,7,0
7019,'1492459',1517,,153,42,0,7,0
7019,'1492460',1557,,154,42,0,7,0
7019,'1492461',1637,,155,42,0,7,0
7019,'1492462',1117,,156,42,0,7,0
7019,'1492463',1157,,157,42,0,7,0
7019,'1492464',1237,,158,42,0,7,0
12019,'1482623',707,,170,12,0,8,0
12019,'1482624',807,,171,12,0,8,0
12019,'1490514',738,,172,34,,,0
12019,'1490515',838,,173,34,,,0
12019,'1490516',938,,174,34,,,0
12019,'1490517',1038,,175,34,,,0
12019,'1490533',1538,,176,34,,,0
12019,'1490534',1638,,177,34,,,0
12019,'1490535',1738,,178,34,,,0
12019,'1490536',1838,,179,34,,,0
12019,'1492410',1138,,180,34,,,0
12019,'1492411',1238,,181,34,,,0
12019,'1492465',1338,,182,34,,,0
12019,'1492466',1438,,183,34,,,0
12019,'1492505',738,,184,34,,,0
12019,'1492506',838,,185,34,,,0
12019,'1492507',1138,,186,34,,,0
12019,'1492508',1238,,187,34,,,0
12019,'1492509',1538,,188,34,,,0
12019,'1492510',1638,,189,34,,,0
12019,'1492511',838,,190,34,,,0
12019,'1492512',1138,,191,34,,,0
12019,'1492513',1238,,192,34,,,0
12019,'1492514',1538,,193,34,,,0
12019,'1492515',1638,,194,34,,,0
12019,'1492516',938,,195,34,,,0
12019,'1492517',1038,,196,34,,,0
12019,'1492518',1338,,197,34,,,0
12019,'1492519',1438,,198,34,,,0
12019,'1492520',1738,,199,34,,,0
12019,'1492521',1838,,200,34,,,0
12019,'1492522',938,,201,34,,,0
12019,'1492523',1038,,202,34,,,0
12019,'1492524',1338,,203,34,,,0
12019,'1492525',1438,,204,34,,,0
12019,'1492526',1738,,205,34,,,0
12019,'1492527',1838,,206,34,,,0
16019,'1488147',806,,287,23,,,0
16019,'1488148',906,,288,23,,,0
16019,'1488149',1006,,289,23,,,0
16019,'1488162',1306,,290,23,,,0
16019,'1488163',1406,,291,23,,,0
16019,'1488164',1506,,292,23,,,0
16019,'1488165',1606,,293,23,,,0
16019,'1488166',1706,,294,23,,,0
16019,'1488167',1806,,295,23,,,0
16019,'1492416',1106,,296,23,,,0
16019,'1492417',1206,,297,23,,,0
16019,'1492418',1106,,298,23,,,0
16019,'1492419',1206,,299,23,,,0
16019,'1492420',1506,,300,23,,,0
16019,'1492421',1606,,301,23,,,0
16019,'1492471',906,,302,23,,,0
16019,'1492472',1006,,303,23,,,0
16019,'1492473',1706,,304,23,,,0
16019,'1492474',1806,,305,23,,,0
16019,'1492475',1306,,306,23,,,0
16019,'1492476',1406,,307,23,,,0
93019,'1492477',737,,432,25,,,0
93019,'1492478',837,,433,25,,,0
93019,'1492479',937,,434,25,,,0
93019,'1492480',1037,,435,25,,,0
93019,'1492481',1137,,436,25,,,0
93019,'1492482',1237,,437,25,,,0
93019,'1492483',1337,,438,25,,,0
93019,'1492484',1437,,439,25,,,0
93019,'1492485',1537,,440,25,,,0
93019,'1492486',1637,,441,25,,,0
93019,'1492487',1737,,442,25,,,0
93019,'1492557',737,,443,25,,,0
93019,'1492558',837,,444,25,,,0
93019,'1492559',937,,445,25,,,0
93019,'1492560',1037,,446,25,,,0
93019,'1492561',1137,,447,25,,,0
93019,'1492562',1237,,448,25,,,0
93019,'1492563',1337,,449,25,,,0
93019,'1492564',1437,,450,25,,,0
93019,'1492565',1537,,451,25,,,0
93019,'1492566',1637,,452,25,,,0
93019,'1492567',1737,,453,25,,,0
901019,'1489082',817,,456,25,0,6,0
901019,'1489083',937,,457,25,0,6,0
901019,'1489084',1057,,458,25,0,6,0
901019,'1489085',1217,,459,25,0,6,0
901019,'1489086',1337,,460,25,0,6,0
901019,'1489087',1457,,461,25,0,6,0
901019,'1489088',1617,,462,25,0,6,0
901019,'1489089',1737,,463,25,0,6,0
901019,'1489090',1857,,464,25,0,6,0
901019,'1489091',2017,,465,25,0,6,0
901019,'1489092',2137,,466,25,0,6,0
901019,'1489247',1857,,467,25,0,6,0
901019,'1489248',2017,,468,25,0,6,0
901019,'1489249',2137,,469,25,0,6,0
901019,'1489884',657,,470,25,0,6,0
901019,'1489885',757,,471,25,0,6,0
901019,'1489886',857,,472,25,0,6,0
901019,'1489887',957,,473,25,0,6,0
901019,'1489888',1057,,474,25,0,6,0
901019,'1489889',1157,,475,25,0,6,0
901019,'1489890',1257,,476,25,0,6,0
901019,'1489891',1357,,477,25,0,6,0
901019,'1489892',1457,,478,25,0,6,0
901019,'1489893',1557,,479,25,0,6,0
901019,'1489894',1657,,480,25,0,6,0
901019,'1489895',1757,,481,25,0,6,0
901019,'1492528',657,,482,25,0,6,0
901019,'1492529',757,,483,25,0,6,0
901019,'1492530',857,,484,25,0,6,0
901019,'1492531',957,,485,25,0,6,0
901019,'1492532',1057,,486,25,0,6,0
901019,'1492533',1157,,487,25,0,6,0
901019,'1492534',1257,,488,25,0,6,0
901019,'1492535',1357,,489,25,0,6,0
901019,'1492536',1457,,490,25,0,6,0
901019,'1492537',1557,,491,25,0,6,0
901019,'1492538',1657,,492,25,0,6,0
901019,'1492539',1757,,493,25,0,6,0
901019,'1492540',1857,,494,25,0,6,0
901019,'1492541',2017,,495,25,0,6,0
901019,'1492542',2137,,496,25,0,6,0
902019,'1488205',1937,,497,51,0,6,0
902019,'1488206',2057,,498,51,0,6,0
902019,'1488207',2217,,499,51,0,6,0
902019,'1488257',1817,,500,25,0,6,0
902019,'1489896',717,,503,25,0,6,0
902019,'1489897',817,,504,25,0,6,0
902019,'1489898',917,,505,25,0,6,0
902019,'1489899',1017,,506,25,0,6,0
902019,'1489900',1117,,507,25,0,6,0
902019,'1489901',1217,,508,25,0,6,0
902019,'1489902',1317,,509,25,0,6,0
902019,'1489903',1417,,510,25,0,6,0
902019,'1489904',1517,,511,25,0,6,0
902019,'1489905',1617,,512,25,0,6,0
902019,'1489906',1717,,513,25,0,6,0
902019,'1492543',1937,,514,51,0,6,0
902019,'1492544',2057,,515,51,0,6,0
902019,'1492545',2217,,516,51,0,6,0
902019,'1492546',857,,517,51,0,6,0
902019,'1492547',1017,,518,51,0,6,0
902019,'1492548',1137,,519,51,0,6,0
902019,'1492549',1257,,520,51,0,6,0
902019,'1492550',1417,,521,51,0,6,0
902019,'1492551',1537,,522,51,0,6,0
902019,'1492552',1657,,523,51,0,6,0
902019,'1492553',1817,,524,51,0,6,0
902019,'1492554',1937,,525,51,0,6,0
902019,'1492555',2057,,526,51,0,6,0
902019,'1492556',2217,,527,51,0,6,0
