15019,'1484063',709,,257,44,,,0
15019,'1484064',809,,258,44,,,0
15019,'1484065',909,,259,44,,,0
15019,'1484066',1009,,260,44,,,0
15019,'1484067',1109,,261,44,,,0
15019,'1484068',1209,,262,44,,,0
15019,'1484069',1309,,263,44,,,0
15019,'1484070',1409,,264,44,,,0
15019,'1484071',1509,,265,44,,,0
15019,'1484072',1609,,266,44,,,0
15019,'1484073',1709,,267,44,,,0
15019,'1484074',1809,,268,44,,,0
15019,'1489344',1909,,269,44,,,0
15019,'1489345',2009,,270,44,,,0
15019,'1489346',2109,,271,44,,,0
15019,'1489347',2209,,272,44,,,0
15019,'1489348',909,,273,44,,,0
15019,'1489349',1009,,274,44,,,0
15019,'1489350',1109,,275,44,,,0
15019,'1489351',1209,,276,44,,,0
15019,'1489352',1309,,277,44,,,0
15019,'1489353',1409,,278,44,,,0
15019,'1489354',1509,,279,44,,,0
15019,'1489355',1609,,280,44,,,0
15019,'1489356',1709,,281,44,,,0
15019,'1489357',1809,,282,44,,,0
15019,'1489358',1909,,283,44,,,0
15019,'1489359',2009,,284,44,,,0
15019,'1489360',2109,,285,44,,,0
15019,'1489361',2209,,286,44,,,0
