4019,'1489036',703,,65,26,,,0
4019,'1489037',743,,66,26,,,0
4019,'1489038',823,,67,26,,,0
4019,'1489039',903,,68,26,,,0
4019,'1489040',943,,69,26,,,0
4019,'1489041',1023,,70,26,,,0
4019,'1489042',1103,,71,26,,,0
4019,'1489043',1143,,72,26,,,0
4019,'1489044',1223,,73,26,,,0
4019,'1489045',1303,,74,26,,,0
4019,'1489046',1343,,75,26,,,0
4019,'1489047',1423,,76,26,,,0
4019,'1489048',1503,,77,26,,,0
4019,'1489049',1543,,78,26,,,0
4019,'1489050',1623,,79,26,,,0
4019,'1489051',1703,,80,26,,,0
4019,'1489052',1743,,81,26,,,0
4019,'1489053',1823,,82,26,,,0
4019,'1489054',1903,,83,26,,,0
4019,'1489055',1943,,84,26,,,0
4019,'1489056',2023,,85,26,,,0
4019,'1489057',2103,,86,26,,,0
4019,'1489058',2143,,87,26,,,0
4019,'1489059',2223,,88,26,,,0
4019,'1489060',823,,89,26,,,0
4019,'1489061',903,,90,26,,,0
4019,'1489062',943,,91,26,,,0
4019,'1489063',1023,,92,26,,,0
4019,'1489064',1103,,93,26,,,0
4019,'1489065',1143,,94,26,,,0
4019,'1489066',1223,,95,26,,,0
4019,'1489067',1303,,96,26,,,0
4019,'1489068',1343,,97,26,,,0
4019,'1489069',1423,,98,26,,,0
4019,'1489070',1503,,99,26,,,0
4019,'1489071',1543,,100,26,,,0
4019,'1489072',1623,,101,26,,,0
4019,'1489073',1703,,102,26,,,0
4019,'1489074',1743,,103,26,,,0
4019,'1489075',1823,,104,26,,,0
4019,'1489076',1903,,105,26,,,0
4019,'1489077',1943,,106,26,,,0
4019,'1489078',2023,,107,26,,,0
4019,'1489079',2103,,108,26,,,0
4019,'1489080',2143,,109,26,,,0
4019,'1489081',2223,,110,26,,,0
