1019,'1481753',626,,1,6,0,6,0
1019,'1481754',746,,2,6,0,6,0
1019,'1482680',828,,3,36,0,18,0
1019,'1482681',908,,4,36,0,18,0
1019,'1482682',948,,5,36,0,18,0
1019,'1482683',1028,,6,36,0,18,0
1019,'1482684',1108,,7,36,0,18,0
1019,'1482685',1148,,8,36,0,18,0
1019,'1482686',1228,,9,36,0,18,0
1019,'1482687',1308,,10,36,0,18,0
1019,'1482688',1348,,11,36,0,18,0
1019,'1482689',1428,,12,36,0,18,0
1019,'1482690',1508,,13,36,0,18,0
1019,'1482691',1548,,14,36,0,18,0
1019,'1482692',1628,,15,36,0,18,0
1019,'1482693',1708,,16,36,0,18,0
1019,'1482694',1748,,17,36,0,18,0
1019,'1482695',1828,,18,36,0,18,0
1019,'1482696',1908,,19,36,0,18,0
1019,'1482697',1948,,20,36,0,18,0
1019,'1482698',2028,,21,36,0,18,0
1019,'1482699',2108,,22,36,0,18,0
1019,'1482700',2148,,23,36,0,18,0
1019,'1482701',2228,,24,36,0,18,0
1019,'1483501',747,,25,10,0,18,0
1019,'1485865',707,,26,39,0,11,0
1019,'1485866',747,,27,39,0,11,0
1019,'1485867',827,,28,39,0,11,0
1019,'1485868',907,,29,39,0,11,0
1019,'1485869',947,,30,39,0,11,0
1019,'1485870',1027,,31,39,0,11,0
1019,'1485871',1107,,32,39,0,11,0
1019,'1485872',1147,,33,39,0,11,0
1019,'1485873',1227,,34,39,0,11,0
1019,'1485874',1307,,35,39,0,11,0
1019,'1485875',1347,,36,39,0,11,0
1019,'1485876',1427,,37,39,0,11,0
1019,'1485877',1507,,38,39,0,11,0
1019,'1485878',1547,,39,39,0,11,0
1019,'1485879',1627,,40,39,0,11,0
1019,'1485880',1707,,41,39,0,11,0
1019,'1485881',1747,,42,39,0,11,0
1019,'1485882',1827,,43,39,0,11,0
4019,'1489036',707,,65,35,,,0
4019,'1489037',747,,66,35,,,0
4019,'1489038',827,,67,35,,,0
4019,'1489039',907,,68,35,,,0
4019,'1489040',947,,69,35,,,0
4019,'1489041',1027,,70,35,,,0
4019,'1489042',1107,,71,35,,,0
4019,'1489043',1147,,72,35,,,0
4019,'1489044',1227,,73,35,,,0
4019,'1489045',1307,,74,35,,,0
4019,'1489046',1347,,75,35,,,0
4019,'1489047',1427,,76,35,,,0
4019,'1489048',1507,,77,35,,,0
4019,'1489049',1547,,78,35,,,0
4019,'1489050',1627,,79,35,,,0
4019,'1489051',1707,,80,35,,,0
4019,'1489052',1747,,81,35,,,0
4019,'1489053',1827,,82,35,,,0
4019,'1489054',1907,,83,35,,,0
4019,'1489055',1947,,84,35,,,0
4019,'1489056',2027,,85,35,,,0
4019,'1489057',2107,,86,35,,,0
4019,'1489058',2147,,87,35,,,0
4019,'1489059',2227,,88,35,,,0
4019,'1489060',827,,89,35,,,0
4019,'1489061',907,,90,35,,,0
4019,'1489062',947,,91,35,,,0
4019,'1489063',1027,,92,35,,,0
4019,'1489064',1107,,93,35,,,0
4019,'1489065',1147,,94,35,,,0
4019,'1489066',1227,,95,35,,,0
4019,'1489067',1307,,96,35,,,0
4019,'1489068',1347,,97,35,,,0
4019,'1489069',1427,,98,35,,,0
4019,'1489070',1507,,99,35,,,0
4019,'1489071',1547,,100,35,,,0
4019,'1489072',1627,,101,35,,,0
4019,'1489073',1707,,102,35,,,0
4019,'1489074',1747,,103,35,,,0
4019,'1489075',1827,,104,35,,,0
4019,'1489076',1907,,105,35,,,0
4019,'1489077',1947,,106,35,,,0
4019,'1489078',2027,,107,35,,,0
4019,'1489079',2107,,108,35,,,0
4019,'1489080',2147,,109,35,,,0
4019,'1489081',2227,,110,35,,,0
93019,'1487148',706,,431,5,,,0
