7019,'1489971',646,,113,11,0,7,0
7019,'1489972',726,,114,11,0,7,0
7019,'1489973',806,,115,11,0,7,0
7019,'1489974',846,,116,11,0,7,0
7019,'1489975',926,,117,11,0,7,0
7019,'1489976',1006,,118,11,0,7,0
7019,'1489983',1446,,119,11,0,7,0
7019,'1489984',1526,,120,11,0,7,0
7019,'1489985',1606,,121,11,0,7,0
7019,'1489986',1646,,122,11,0,7,0
7019,'1489987',1726,,123,11,0,7,0
7019,'1489988',1806,,124,11,0,7,0
7019,'1489995',806,,125,11,0,7,0
7019,'1489996',846,,126,11,0,7,0
7019,'1489997',926,,127,11,0,7,0
7019,'1489998',1006,,128,11,0,7,0
7019,'1489999',1046,,129,11,0,7,0
7019,'1490000',1126,,130,11,0,7,0
7019,'1490001',1206,,131,11,0,7,0
7019,'1490002',1246,,132,11,0,7,0
7019,'1490003',1326,,133,11,0,7,0
7019,'1490004',1406,,134,11,0,7,0
7019,'1490005',1446,,135,11,0,7,0
7019,'1490006',1526,,136,11,0,7,0
7019,'1490007',1606,,137,11,0,7,0
7019,'1490008',1646,,138,11,0,7,0
7019,'1490009',1726,,139,11,0,7,0
7019,'1490010',1806,,140,11,0,7,0
7019,'1492401',1246,,141,11,0,7,0
7019,'1492402',1326,,142,11,0,7,0
7019,'1492403',1406,,143,11,0,7,0
7019,'1492404',1646,,144,11,0,7,0
7019,'1492405',1726,,145,11,0,7,0
7019,'1492406',1806,,146,11,0,7,0
7019,'1492407',1246,,147,11,0,7,0
7019,'1492408',1326,,148,11,0,7,0
7019,'1492409',1406,,149,11,0,7,0
7019,'1492456',1046,,150,11,0,7,0
7019,'1492457',1126,,151,11,0,7,0
7019,'1492458',1206,,152,11,0,7,0
7019,'1492459',1446,,153,11,0,7,0
7019,'1492460',1526,,154,11,0,7,0
7019,'1492461',1606,,155,11,0,7,0
7019,'1492462',1046,,156,11,0,7,0
7019,'1492463',1126,,157,11,0,7,0
7019,'1492464',1206,,158,11,0,7,0
30000019,'1486494',956,,528,22,,,0
30000019,'1486495',1056,,529,22,,,0
30000019,'1486496',1156,,530,22,,,0
30000019,'1486497',1256,,531,22,,,0
30000019,'1486498',1356,,532,22,,,0
30000019,'1486499',1456,,533,22,,,0
30000019,'1486500',1556,,534,22,,,0
30000019,'1486501',1656,,535,22,,,0
