19019,'1489098',636,,308,6,,,0
19019,'1489099',716,,309,6,,,0
19019,'1489100',756,,310,6,,,0
19019,'1489101',836,,311,6,,,0
19019,'1489102',916,,312,6,,,0
19019,'1489103',956,,313,6,,,0
19019,'1489104',1036,,314,6,,,0
19019,'1489105',1116,,315,6,,,0
19019,'1489106',1156,,316,6,,,0
19019,'1489107',1236,,317,6,,,0
19019,'1489108',1316,,318,6,,,0
19019,'1489109',1356,,319,6,,,0
19019,'1489110',1436,,320,6,,,0
19019,'1489111',1516,,321,6,,,0
19019,'1489112',1556,,322,6,,,0
19019,'1489113',1636,,323,6,,,0
19019,'1489114',1716,,324,6,,,0
19019,'1489115',1756,,325,6,,,0
19019,'1489116',656,,326,6,,,0
19019,'1489117',736,,327,6,,,0
19019,'1489118',816,,328,6,,,0
19019,'1489119',856,,329,6,,,0
19019,'1489120',936,,330,6,,,0
19019,'1489121',1016,,331,6,,,0
19019,'1489122',1056,,332,6,,,0
19019,'1489123',1136,,333,6,,,0
19019,'1489124',1216,,334,6,,,0
19019,'1489125',1256,,335,6,,,0
19019,'1489126',1336,,336,6,,,0
19019,'1489127',1416,,337,6,,,0
19019,'1489128',1456,,338,6,,,0
19019,'1489129',1536,,339,6,,,0
19019,'1489130',1616,,340,6,,,0
19019,'1489131',1656,,341,6,,,0
19019,'1489132',1736,,342,6,,,0
19019,'1489362',636,,343,6,,,0
19019,'1489363',716,,344,6,,,0
19019,'1489364',756,,345,6,,,0
19019,'1489365',836,,346,6,,,0
19019,'1489366',916,,347,6,,,0
19019,'1489367',956,,348,6,,,0
19019,'1489368',1036,,349,6,,,0
19019,'1489369',1116,,350,6,,,0
19019,'1489370',1156,,351,6,,,0
19019,'1489371',1236,,352,6,,,0
19019,'1489372',1316,,353,6,,,0
19019,'1489373',1356,,354,6,,,0
19019,'1489374',1436,,355,6,,,0
19019,'1489375',1516,,356,6,,,0
19019,'1489376',1556,,357,6,,,0
19019,'1489377',1636,,358,6,,,0
19019,'1489378',1716,,359,6,,,0
19019,'1489379',1756,,360,6,,,0
19019,'1489380',656,,361,6,,,0
19019,'1489381',736,,362,6,,,0
19019,'1489382',816,,363,6,,,0
19019,'1489383',856,,364,6,,,0
19019,'1489384',936,,365,6,,,0
19019,'1489385',1016,,366,6,,,0
19019,'1489386',1056,,367,6,,,0
19019,'1489387',1136,,368,6,,,0
19019,'1489388',1216,,369,6,,,0
19019,'1489389',1256,,370,6,,,0
19019,'1489390',1336,,371,6,,,0
19019,'1489391',1416,,372,6,,,0
19019,'1489392',1456,,373,6,,,0
19019,'1489393',1536,,374,6,,,0
19019,'1489394',1616,,375,6,,,0
19019,'1489395',1656,,376,6,,,0
19019,'1489396',1736,,377,6,,,0
901019,'1489082',836,,456,38,0,16 17,0
901019,'1489083',956,,457,38,0,16 17,0
901019,'1489084',1116,,458,38,0,16 17,0
901019,'1489085',1236,,459,38,0,16 17,0
901019,'1489086',1356,,460,38,0,16 17,0
901019,'1489087',1516,,461,38,0,16 17,0
901019,'1489088',1636,,462,38,0,16 17,0
901019,'1489089',1756,,463,38,0,16 17,0
901019,'1489090',1916,,464,38,0,16 17,0
901019,'1489091',2036,,465,38,0,16 17,0
901019,'1489092',2156,,466,38,0,16 17,0
901019,'1489247',1916,,467,38,0,16 17,0
901019,'1489248',2036,,468,38,0,16 17,0
901019,'1489249',2156,,469,38,0,16 17,0
901019,'1492540',1916,,494,38,0,16 17,0
901019,'1492541',2036,,495,38,0,16 17,0
901019,'1492542',2156,,496,38,0,16 17,0
902019,'1488205',1836,,497,6,0,16 17,0
902019,'1488206',1956,,498,6,0,16 17,0
902019,'1488207',2116,,499,6,0,16 17,0
902019,'1492543',1836,,514,6,0,16 17,0
902019,'1492544',1956,,515,6,0,16 17,0
902019,'1492545',2116,,516,6,0,16 17,0
902019,'1492546',756,,517,6,0,16 17,0
902019,'1492547',916,,518,6,0,16 17,0
902019,'1492548',1036,,519,6,0,16 17,0
902019,'1492549',1156,,520,6,0,16 17,0
902019,'1492550',1316,,521,6,0,16 17,0
902019,'1492551',1436,,522,6,0,16 17,0
902019,'1492552',1556,,523,6,0,16 17,0
902019,'1492553',1716,,524,6,0,16 17,0
902019,'1492554',1836,,525,6,0,16 17,0
902019,'1492555',1956,,526,6,0,16 17,0
902019,'1492556',2116,,527,6,0,16 17,0
