15019,'1484063',656,,257,32,,,0
15019,'1484064',756,,258,32,,,0
15019,'1484065',856,,259,32,,,0
15019,'1484066',956,,260,32,,,0
15019,'1484067',1056,,261,32,,,0
15019,'1484068',1156,,262,32,,,0
15019,'1484069',1256,,263,32,,,0
15019,'1484070',1356,,264,32,,,0
15019,'1484071',1456,,265,32,,,0
15019,'1484072',1556,,266,32,,,0
15019,'1484073',1656,,267,32,,,0
15019,'1484074',1756,,268,32,,,0
15019,'1489344',1856,,269,32,,,0
15019,'1489345',1956,,270,32,,,0
15019,'1489346',2056,,271,32,,,0
15019,'1489347',2156,,272,32,,,0
15019,'1489348',856,,273,32,,,0
15019,'1489349',956,,274,32,,,0
15019,'1489350',1056,,275,32,,,0
15019,'1489351',1156,,276,32,,,0
15019,'1489352',1256,,277,32,,,0
15019,'1489353',1356,,278,32,,,0
15019,'1489354',1456,,279,32,,,0
15019,'1489355',1556,,280,32,,,0
15019,'1489356',1656,,281,32,,,0
15019,'1489357',1756,,282,32,,,0
15019,'1489358',1856,,283,32,,,0
15019,'1489359',1956,,284,32,,,0
15019,'1489360',2056,,285,32,,,0
15019,'1489361',2156,,286,32,,,0
