66019,'1489865',823,,412,17,,,0
66019,'1489866',853,,413,17,,,0
66019,'1489867',923,,414,17,,,0
66019,'1489868',953,,415,17,,,0
66019,'1489869',1023,,416,17,,,0
66019,'1489870',1053,,417,17,,,0
66019,'1489871',1123,,418,17,,,0
66019,'1489872',1153,,419,17,,,0
66019,'1489873',1223,,420,17,,,0
66019,'1489874',1253,,421,17,,,0
66019,'1489875',1323,,422,17,,,0
66019,'1489876',1353,,423,17,,,0
66019,'1489877',1423,,424,17,,,0
66019,'1489878',1453,,425,17,,,0
66019,'1489879',1523,,426,17,,,0
66019,'1489880',1553,,427,17,,,0
66019,'1489881',1623,,428,17,,,0
66019,'1489882',1653,,429,17,,,0
66019,'1489883',1723,,430,17,,,0
