15019,'1484063',713,,257,45,,,0
15019,'1484064',813,,258,45,,,0
15019,'1484065',913,,259,45,,,0
15019,'1484066',1013,,260,45,,,0
15019,'1484067',1113,,261,45,,,0
15019,'1484068',1213,,262,45,,,0
15019,'1484069',1313,,263,45,,,0
15019,'1484070',1413,,264,45,,,0
15019,'1484071',1513,,265,45,,,0
15019,'1484072',1613,,266,45,,,0
15019,'1484073',1713,,267,45,,,0
15019,'1484074',1813,,268,45,,,0
15019,'1489344',1913,,269,45,,,0
15019,'1489345',2013,,270,45,,,0
15019,'1489346',2113,,271,45,,,0
15019,'1489347',2213,,272,45,,,0
15019,'1489348',913,,273,45,,,0
15019,'1489349',1013,,274,45,,,0
15019,'1489350',1113,,275,45,,,0
15019,'1489351',1213,,276,45,,,0
15019,'1489352',1313,,277,45,,,0
15019,'1489353',1413,,278,45,,,0
15019,'1489354',1513,,279,45,,,0
15019,'1489355',1613,,280,45,,,0
15019,'1489356',1713,,281,45,,,0
15019,'1489357',1813,,282,45,,,0
15019,'1489358',1913,,283,45,,,0
15019,'1489359',2013,,284,45,,,0
15019,'1489360',2113,,285,45,,,0
15019,'1489361',2213,,286,45,,,0
