19019,'1489098',652,,308,18,,,0
19019,'1489099',732,,309,18,,,0
19019,'1489100',812,,310,18,,,0
19019,'1489101',852,,311,18,,,0
19019,'1489102',932,,312,18,,,0
19019,'1489103',1012,,313,18,,,0
19019,'1489104',1052,,314,18,,,0
19019,'1489105',1132,,315,18,,,0
19019,'1489106',1212,,316,18,,,0
19019,'1489107',1252,,317,18,,,0
19019,'1489108',1332,,318,18,,,0
19019,'1489109',1412,,319,18,,,0
19019,'1489110',1452,,320,18,,,0
19019,'1489111',1532,,321,18,,,0
19019,'1489112',1612,,322,18,,,0
19019,'1489113',1652,,323,18,,,0
19019,'1489114',1732,,324,18,,,0
19019,'1489115',1812,,325,18,,,0
19019,'1489116',712,,326,18,,,0
19019,'1489117',752,,327,18,,,0
19019,'1489118',832,,328,18,,,0
19019,'1489119',912,,329,18,,,0
19019,'1489120',952,,330,18,,,0
19019,'1489121',1032,,331,18,,,0
19019,'1489122',1112,,332,18,,,0
19019,'1489123',1152,,333,18,,,0
19019,'1489124',1232,,334,18,,,0
19019,'1489125',1312,,335,18,,,0
19019,'1489126',1352,,336,18,,,0
19019,'1489127',1432,,337,18,,,0
19019,'1489128',1512,,338,18,,,0
19019,'1489129',1552,,339,18,,,0
19019,'1489130',1632,,340,18,,,0
19019,'1489131',1712,,341,18,,,0
19019,'1489132',1752,,342,18,,,0
901019,'1489082',852,,456,50,0,16 17,0
901019,'1489083',1012,,457,50,0,16 17,0
901019,'1489084',1132,,458,50,0,16 17,0
901019,'1489085',1252,,459,50,0,16 17,0
901019,'1489086',1412,,460,50,0,16 17,0
901019,'1489087',1532,,461,50,0,16 17,0
901019,'1489088',1652,,462,50,0,16 17,0
901019,'1489089',1812,,463,50,0,16 17,0
901019,'1489090',1932,,464,50,0,16 17,0
901019,'1489091',2052,,465,50,0,16 17,0
901019,'1489092',2212,,466,50,0,16 17,0
901019,'1492540',1932,,494,50,0,16 17,0
901019,'1492541',2052,,495,50,0,16 17,0
901019,'1492542',2212,,496,50,0,16 17,0
902019,'1492543',1852,,514,18,0,16 17,0
902019,'1492544',2012,,515,18,0,16 17,0
902019,'1492545',2132,,516,18,0,16 17,0
902019,'1492546',812,,517,18,0,16 17,0
902019,'1492547',932,,518,18,0,16 17,0
902019,'1492548',1052,,519,18,0,16 17,0
902019,'1492549',1212,,520,18,0,16 17,0
902019,'1492550',1332,,521,18,0,16 17,0
902019,'1492551',1452,,522,18,0,16 17,0
902019,'1492552',1612,,523,18,0,16 17,0
902019,'1492553',1732,,524,18,0,16 17,0
902019,'1492554',1852,,525,18,0,16 17,0
902019,'1492555',2012,,526,18,0,16 17,0
902019,'1492556',2132,,527,18,0,16 17,0
