1019,'1481753',630,,1,7,4,,0
1019,'1481754',750,,2,7,4,,0
1019,'1482680',750,,3,1,0,18,0,80,,3,37,4,,0
1019,'1482681',830,,4,1,0,18,0,80,,4,37,4,,0
1019,'1482682',910,,5,1,0,18,0,40,,5,37,4,,0
1019,'1482683',950,,6,1,0,18,0,80,,6,37,4,,0
1019,'1482684',1030,,7,1,0,18,0,80,,7,37,4,,0
1019,'1482685',1110,,8,1,0,18,0,40,,8,37,4,,0
1019,'1482686',1150,,9,1,0,18,0,80,,9,37,4,,0
1019,'1482687',1230,,10,1,0,18,0,80,,10,37,4,,0
1019,'1482688',1310,,11,1,0,18,0,40,,11,37,4,,0
1019,'1482689',1350,,12,1,0,18,0,80,,12,37,4,,0
1019,'1482690',1430,,13,1,0,18,0,80,,13,37,4,,0
1019,'1482691',1510,,14,1,0,18,0,40,,14,37,4,,0
1019,'1482692',1550,,15,1,0,18,0,80,,15,37,4,,0
1019,'1482693',1630,,16,1,0,18,0,80,,16,37,4,,0
1019,'1482694',1710,,17,1,0,18,0,40,,17,37,4,,0
1019,'1482695',1750,,18,1,0,18,0,80,,18,37,4,,0
1019,'1482696',1830,,19,1,0,18,0,80,,19,37,4,,0
1019,'1482697',1910,,20,1,0,18,0,40,,20,37,4,,0
1019,'1482698',1950,,21,1,0,18,0,80,,21,37,4,,0
1019,'1482699',2030,,22,1,0,18,0,80,,22,37,4,,0
1019,'1482700',2110,,23,1,0,18,0,40,,23,37,4,,0
1019,'1482701',2150,,24,1,0,18,0,80,,24,37,4,,0
1019,'1483501',750,,25,11,4,,0
1019,'1485865',630,,26,1,0,11,0,80,,26,40,4,,0
1019,'1485866',710,,27,1,0,11,0,40,,27,40,4,,0
1019,'1485867',750,,28,1,0,11,0,80,,28,40,4,,0
1019,'1485868',830,,29,1,0,11,0,80,,29,40,4,,0
1019,'1485869',910,,30,1,0,11,0,40,,30,40,4,,0
1019,'1485870',950,,31,1,0,11,0,80,,31,40,4,,0
1019,'1485871',1030,,32,1,0,11,0,80,,32,40,4,,0
1019,'1485872',1110,,33,1,0,11,0,40,,33,40,4,,0
1019,'1485873',1150,,34,1,0,11,0,80,,34,40,4,,0
1019,'1485874',1230,,35,1,0,11,0,80,,35,40,4,,0
1019,'1485875',1310,,36,1,0,11,0,40,,36,40,4,,0
1019,'1485876',1350,,37,1,0,11,0,80,,37,40,4,,0
1019,'1485877',1430,,38,1,0,11,0,80,,38,40,4,,0
1019,'1485878',1510,,39,1,0,11,0,40,,39,40,4,,0
1019,'1485879',1550,,40,1,0,11,0,80,,40,40,4,,0
1019,'1485880',1630,,41,1,0,11,0,80,,41,40,4,,0
1019,'1485881',1710,,42,1,0,11,0,40,,42,40,4,,0
1019,'1485882',1750,,43,1,0,11,0,80,,43,40,4,,0
2019,'1486350',650,,45,23,,,0
2019,'1486351',730,,46,23,,,0
2019,'1486352',810,,47,23,,,0
2019,'1486353',850,,48,23,,,0
2019,'1486354',930,,49,23,,,0
2019,'1486355',1010,,50,23,,,0
2019,'1486356',1050,,51,23,,,0
2019,'1486357',1130,,52,23,,,0
2019,'1486358',1210,,53,23,,,0
2019,'1486359',1250,,54,23,,,0
2019,'1486360',1330,,55,23,,,0
2019,'1486361',1410,,56,23,,,0
2019,'1486362',1450,,57,23,,,0
2019,'1486363',1530,,58,23,,,0
2019,'1486364',1610,,59,23,,,0
2019,'1486365',1650,,60,23,,,0
2019,'1486366',1730,,61,23,,,0
2019,'1486958',1810,,62,23,,,0
4019,'1480746',630,,63,7,4,,0
4019,'1480747',750,,64,7,4,,0
4019,'1489036',630,,65,1,,,0,80,,65,36,4,,0
4019,'1489037',710,,66,1,,,0,40,,66,36,4,,0
4019,'1489038',750,,67,1,,,0,80,,67,36,4,,0
4019,'1489039',830,,68,1,,,0,80,,68,36,4,,0
4019,'1489040',910,,69,1,,,0,40,,69,36,4,,0
4019,'1489041',950,,70,1,,,0,80,,70,36,4,,0
4019,'1489042',1030,,71,1,,,0,80,,71,36,4,,0
4019,'1489043',1110,,72,1,,,0,40,,72,36,4,,0
4019,'1489044',1150,,73,1,,,0,80,,73,36,4,,0
4019,'1489045',1230,,74,1,,,0,80,,74,36,4,,0
4019,'1489046',1310,,75,1,,,0,40,,75,36,4,,0
4019,'1489047',1350,,76,1,,,0,80,,76,36,4,,0
4019,'1489048',1430,,77,1,,,0,80,,77,36,4,,0
4019,'1489049',1510,,78,1,,,0,40,,78,36,4,,0
4019,'1489050',1550,,79,1,,,0,80,,79,36,4,,0
4019,'1489051',1630,,80,1,,,0,80,,80,36,4,,0
4019,'1489052',1710,,81,1,,,0,40,,81,36,4,,0
4019,'1489053',1750,,82,1,,,0,80,,82,36,4,,0
4019,'1489054',1830,,83,1,,,0,80,,83,36,4,,0
4019,'1489055',1910,,84,1,,,0,40,,84,36,4,,0
4019,'1489056',1950,,85,1,,,0,80,,85,36,4,,0
4019,'1489057',2030,,86,1,,,0,80,,86,36,4,,0
4019,'1489058',2110,,87,1,,,0,40,,87,36,4,,0
4019,'1489059',2150,,88,1,,,0,80,,88,36,4,,0
4019,'1489060',750,,89,1,,,0,80,,89,36,4,,0
4019,'1489061',830,,90,1,,,0,80,,90,36,4,,0
4019,'1489062',910,,91,1,,,0,40,,91,36,4,,0
4019,'1489063',950,,92,1,,,0,80,,92,36,4,,0
4019,'1489064',1030,,93,1,,,0,80,,93,36,4,,0
4019,'1489065',1110,,94,1,,,0,40,,94,36,4,,0
4019,'1489066',1150,,95,1,,,0,80,,95,36,4,,0
4019,'1489067',1230,,96,1,,,0,80,,96,36,4,,0
4019,'1489068',1310,,97,1,,,0,40,,97,36,4,,0
4019,'1489069',1350,,98,1,,,0,80,,98,36,4,,0
4019,'1489070',1430,,99,1,,,0,80,,99,36,4,,0
4019,'1489071',1510,,100,1,,,0,40,,100,36,4,,0
4019,'1489072',1550,,101,1,,,0,80,,101,36,4,,0
4019,'1489073',1630,,102,1,,,0,80,,102,36,4,,0
4019,'1489074',1710,,103,1,,,0,40,,103,36,4,,0
4019,'1489075',1750,,104,1,,,0,80,,104,36,4,,0
4019,'1489076',1830,,105,1,,,0,80,,105,36,4,,0
4019,'1489077',1910,,106,1,,,0,40,,106,36,4,,0
4019,'1489078',1950,,107,1,,,0,80,,107,36,4,,0
4019,'1489079',2030,,108,1,,,0,80,,108,36,4,,0
4019,'1489080',2110,,109,1,,,0,40,,109,36,4,,0
4019,'1489081',2150,,110,1,,,0,80,,110,36,4,,0
14019,'1480854',630,,207,5,4,,0
14019,'1480855',750,,208,5,4,,0
14019,'1489925',630,,209,1,,,0,80,,209,36,4,,0
14019,'1489926',710,,210,1,,,0,40,,210,36,4,,0
14019,'1489927',750,,211,1,,,0,80,,211,36,4,,0
14019,'1489928',830,,212,1,,,0,80,,212,36,4,,0
14019,'1489929',910,,213,1,,,0,40,,213,36,4,,0
14019,'1489930',950,,214,1,,,0,80,,214,36,4,,0
14019,'1489931',1030,,215,1,,,0,80,,215,36,4,,0
14019,'1489932',1110,,216,1,,,0,40,,216,36,4,,0
14019,'1489933',1150,,217,1,,,0,80,,217,36,4,,0
14019,'1489934',1230,,218,1,,,0,80,,218,36,4,,0
14019,'1489935',1310,,219,1,,,0,40,,219,36,4,,0
14019,'1489936',1350,,220,1,,,0,80,,220,36,4,,0
14019,'1489937',1430,,221,1,,,0,80,,221,36,4,,0
14019,'1489938',1510,,222,1,,,0,40,,222,36,4,,0
14019,'1489939',1550,,223,1,,,0,80,,223,36,4,,0
14019,'1489940',1630,,224,1,,,0,80,,224,36,4,,0
14019,'1489941',1710,,225,1,,,0,40,,225,36,4,,0
14019,'1489942',1750,,226,1,,,0,80,,226,36,4,,0
14019,'1489943',1830,,227,1,,,0,80,,227,36,4,,0
14019,'1489944',1910,,228,1,,,0,40,,228,36,4,,0
14019,'1489945',1950,,229,1,,,0,80,,229,36,4,,0
14019,'1489946',2030,,230,1,,,0,80,,230,36,4,,0
14019,'1489947',2110,,231,1,,,0,40,,231,36,4,,0
14019,'1489948',2150,,232,1,,,0,80,,232,36,4,,0
14019,'1489949',750,,233,1,,,0,80,,233,36,4,,0
14019,'1489950',830,,234,1,,,0,80,,234,36,4,,0
14019,'1489951',910,,235,1,,,0,40,,235,36,4,,0
14019,'1489952',950,,236,1,,,0,80,,236,36,4,,0
14019,'1489953',1030,,237,1,,,0,80,,237,36,4,,0
14019,'1489954',1110,,238,1,,,0,40,,238,36,4,,0
14019,'1489955',1150,,239,1,,,0,80,,239,36,4,,0
14019,'1489956',1230,,240,1,,,0,80,,240,36,4,,0
14019,'1489957',1310,,241,1,,,0,40,,241,36,4,,0
14019,'1489958',1350,,242,1,,,0,80,,242,36,4,,0
14019,'1489959',1430,,243,1,,,0,80,,243,36,4,,0
14019,'1489960',1510,,244,1,,,0,40,,244,36,4,,0
14019,'1489961',1550,,245,1,,,0,80,,245,36,4,,0
14019,'1489962',1630,,246,1,,,0,80,,246,36,4,,0
14019,'1489963',1710,,247,1,,,0,40,,247,36,4,,0
14019,'1489964',1750,,248,1,,,0,80,,248,36,4,,0
14019,'1489965',1830,,249,1,,,0,80,,249,36,4,,0
14019,'1489966',1910,,250,1,,,0,40,,250,36,4,,0
14019,'1489967',1950,,251,1,,,0,80,,251,36,4,,0
14019,'1489968',2030,,252,1,,,0,80,,252,36,4,,0
14019,'1489969',2110,,253,1,,,0,40,,253,36,4,,0
14019,'1489970',2150,,254,1,,,0,80,,254,36,4,,0
15019,'1480582',630,,255,9,4,,0
15019,'1480583',830,,256,9,4,,0
15019,'1484063',630,,257,1,,,0,100,,257,57,4,,0
15019,'1484064',730,,258,1,,,0,100,,258,57,4,,0
15019,'1484065',830,,259,1,,,0,100,,259,57,4,,0
15019,'1484066',930,,260,1,,,0,100,,260,57,4,,0
15019,'1484067',1030,,261,1,,,0,100,,261,57,4,,0
15019,'1484068',1130,,262,1,,,0,100,,262,57,4,,0
15019,'1484069',1230,,263,1,,,0,100,,263,57,4,,0
15019,'1484070',1330,,264,1,,,0,100,,264,57,4,,0
15019,'1484071',1430,,265,1,,,0,100,,265,57,4,,0
15019,'1484072',1530,,266,1,,,0,100,,266,57,4,,0
15019,'1484073',1630,,267,1,,,0,100,,267,57,4,,0
15019,'1484074',1730,,268,1,,,0,100,,268,57,4,,0
15019,'1489344',1830,,269,1,,,0,100,,269,57,4,,0
15019,'1489345',1930,,270,1,,,0,100,,270,57,4,,0
15019,'1489346',2030,,271,1,,,0,100,,271,57,4,,0
15019,'1489347',2130,,272,1,,,0,100,,272,57,4,,0
15019,'1489348',830,,273,1,,,0,100,,273,57,4,,0
15019,'1489349',930,,274,1,,,0,100,,274,57,4,,0
15019,'1489350',1030,,275,1,,,0,100,,275,57,4,,0
15019,'1489351',1130,,276,1,,,0,100,,276,57,4,,0
15019,'1489352',1230,,277,1,,,0,100,,277,57,4,,0
15019,'1489353',1330,,278,1,,,0,100,,278,57,4,,0
15019,'1489354',1430,,279,1,,,0,100,,279,57,4,,0
15019,'1489355',1530,,280,1,,,0,100,,280,57,4,,0
15019,'1489356',1630,,281,1,,,0,100,,281,57,4,,0
15019,'1489357',1730,,282,1,,,0,100,,282,57,4,,0
15019,'1489358',1830,,283,1,,,0,100,,283,57,4,,0
15019,'1489359',1930,,284,1,,,0,100,,284,57,4,,0
15019,'1489360',2030,,285,1,,,0,100,,285,57,4,,0
15019,'1489361',2130,,286,1,,,0,100,,286,57,4,,0
19019,'1489098',630,,308,1,,,0,80,,308,28,4,,0
19019,'1489099',710,,309,1,,,0,40,,309,28,4,,0
19019,'1489100',750,,310,1,,,0,80,,310,28,4,,0
19019,'1489101',830,,311,1,,,0,80,,311,28,4,,0
19019,'1489102',910,,312,1,,,0,40,,312,28,4,,0
19019,'1489103',950,,313,1,,,0,80,,313,28,4,,0
19019,'1489104',1030,,314,1,,,0,80,,314,28,4,,0
19019,'1489105',1110,,315,1,,,0,40,,315,28,4,,0
19019,'1489106',1150,,316,1,,,0,80,,316,28,4,,0
19019,'1489107',1230,,317,1,,,0,80,,317,28,4,,0
19019,'1489108',1310,,318,1,,,0,40,,318,28,4,,0
19019,'1489109',1350,,319,1,,,0,80,,319,28,4,,0
19019,'1489110',1430,,320,1,,,0,80,,320,28,4,,0
19019,'1489111',1510,,321,1,,,0,40,,321,28,4,,0
19019,'1489112',1550,,322,1,,,0,80,,322,28,4,,0
19019,'1489113',1630,,323,1,,,0,80,,323,28,4,,0
19019,'1489114',1710,,324,1,,,0,40,,324,28,4,,0
19019,'1489115',1750,,325,1,,,0,80,,325,28,4,,0
19019,'1489116',650,,326,1,,,0,80,,326,28,4,,0
19019,'1489117',730,,327,1,,,0,80,,327,28,4,,0
19019,'1489118',810,,328,1,,,0,40,,328,28,4,,0
19019,'1489119',850,,329,1,,,0,80,,329,28,4,,0
19019,'1489120',930,,330,1,,,0,80,,330,28,4,,0
19019,'1489121',1010,,331,1,,,0,40,,331,28,4,,0
19019,'1489122',1050,,332,1,,,0,80,,332,28,4,,0
19019,'1489123',1130,,333,1,,,0,80,,333,28,4,,0
19019,'1489124',1210,,334,1,,,0,40,,334,28,4,,0
19019,'1489125',1250,,335,1,,,0,80,,335,28,4,,0
19019,'1489126',1330,,336,1,,,0,80,,336,28,4,,0
19019,'1489127',1410,,337,1,,,0,40,,337,28,4,,0
19019,'1489128',1450,,338,1,,,0,80,,338,28,4,,0
19019,'1489129',1530,,339,1,,,0,80,,339,28,4,,0
19019,'1489130',1610,,340,1,,,0,40,,340,28,4,,0
19019,'1489131',1650,,341,1,,,0,80,,341,28,4,,0
19019,'1489132',1730,,342,1,,,0,80,,342,28,4,,0
19019,'1489362',630,,343,1,,,0,80,,343,28,4,,0
19019,'1489363',710,,344,1,,,0,40,,344,28,4,,0
19019,'1489364',750,,345,1,,,0,80,,345,28,4,,0
19019,'1489365',830,,346,1,,,0,80,,346,28,4,,0
19019,'1489366',910,,347,1,,,0,40,,347,28,4,,0
19019,'1489367',950,,348,1,,,0,80,,348,28,4,,0
19019,'1489368',1030,,349,1,,,0,80,,349,28,4,,0
19019,'1489369',1110,,350,1,,,0,40,,350,28,4,,0
19019,'1489370',1150,,351,1,,,0,80,,351,28,4,,0
19019,'1489371',1230,,352,1,,,0,80,,352,28,4,,0
19019,'1489372',1310,,353,1,,,0,40,,353,28,4,,0
19019,'1489373',1350,,354,1,,,0,80,,354,28,4,,0
19019,'1489374',1430,,355,1,,,0,80,,355,28,4,,0
19019,'1489375',1510,,356,1,,,0,40,,356,28,4,,0
19019,'1489376',1550,,357,1,,,0,80,,357,28,4,,0
19019,'1489377',1630,,358,1,,,0,80,,358,28,4,,0
19019,'1489378',1710,,359,1,,,0,40,,359,28,4,,0
19019,'1489379',1750,,360,1,,,0,80,,360,28,4,,0
19019,'1489380',650,,361,1,,,0,80,,361,28,4,,0
19019,'1489381',730,,362,1,,,0,80,,362,28,4,,0
19019,'1489382',810,,363,1,,,0,40,,363,28,4,,0
19019,'1489383',850,,364,1,,,0,80,,364,28,4,,0
19019,'1489384',930,,365,1,,,0,80,,365,28,4,,0
19019,'1489385',1010,,366,1,,,0,40,,366,28,4,,0
19019,'1489386',1050,,367,1,,,0,80,,367,28,4,,0
19019,'1489387',1130,,368,1,,,0,80,,368,28,4,,0
19019,'1489388',1210,,369,1,,,0,40,,369,28,4,,0
19019,'1489389',1250,,370,1,,,0,80,,370,28,4,,0
19019,'1489390',1330,,371,1,,,0,80,,371,28,4,,0
19019,'1489391',1410,,372,1,,,0,40,,372,28,4,,0
19019,'1489392',1450,,373,1,,,0,80,,373,28,4,,0
19019,'1489393',1530,,374,1,,,0,80,,374,28,4,,0
19019,'1489394',1610,,375,1,,,0,40,,375,28,4,,0
19019,'1489395',1650,,376,1,,,0,80,,376,28,4,,0
19019,'1489396',1730,,377,1,,,0,80,,377,28,4,,0
20019,'1492422',630,,378,1,,,0,80,,378,32,4,,0
20019,'1492423',710,,379,1,,,0,40,,379,32,4,,0
20019,'1492424',750,,380,1,,,0,80,,380,32,4,,0
20019,'1492425',830,,381,1,,,0,80,,381,32,4,,0
20019,'1492426',910,,382,1,,,0,40,,382,32,4,,0
20019,'1492427',950,,383,1,,,0,80,,383,32,4,,0
20019,'1492428',1030,,384,1,,,0,80,,384,32,4,,0
20019,'1492429',1110,,385,1,,,0,40,,385,32,4,,0
20019,'1492430',1150,,386,1,,,0,80,,386,32,4,,0
20019,'1492431',1230,,387,1,,,0,80,,387,32,4,,0
20019,'1492432',1310,,388,1,,,0,40,,388,32,4,,0
20019,'1492433',1350,,389,1,,,0,80,,389,32,4,,0
20019,'1492434',1430,,390,1,,,0,80,,390,32,4,,0
20019,'1492435',1510,,391,1,,,0,40,,391,32,4,,0
20019,'1492436',1550,,392,1,,,0,80,,392,32,4,,0
20019,'1492437',1630,,393,1,,,0,80,,393,32,4,,0
20019,'1492438',1710,,394,1,,,0,40,,394,32,4,,0
20019,'1492439',1750,,395,1,,,0,80,,395,32,4,,0
20019,'1492440',750,,396,1,,,0,80,,396,32,4,,0
20019,'1492441',830,,397,1,,,0,80,,397,32,4,,0
20019,'1492442',910,,398,1,,,0,40,,398,32,4,,0
20019,'1492443',950,,399,1,,,0,80,,399,32,4,,0
20019,'1492444',1030,,400,1,,,0,80,,400,32,4,,0
20019,'1492445',1110,,401,1,,,0,40,,401,32,4,,0
20019,'1492446',1150,,402,1,,,0,80,,402,32,4,,0
20019,'1492447',1230,,403,1,,,0,80,,403,32,4,,0
20019,'1492448',1310,,404,1,,,0,40,,404,32,4,,0
20019,'1492449',1350,,405,1,,,0,80,,405,32,4,,0
20019,'1492450',1430,,406,1,,,0,80,,406,32,4,,0
20019,'1492451',1510,,407,1,,,0,40,,407,32,4,,0
20019,'1492452',1550,,408,1,,,0,80,,408,32,4,,0
20019,'1492453',1630,,409,1,,,0,80,,409,32,4,,0
20019,'1492454',1710,,410,1,,,0,40,,410,32,4,,0
20019,'1492455',1750,,411,1,,,0,80,,411,32,4,,0
901019,'1480871',630,,454,11,4,,0
901019,'1480872',750,,455,11,4,,0
901019,'1489082',750,,456,1,,,0,80,,456,33,0,16 17,0,80,,456,59,4,,0
901019,'1489083',910,,457,1,,,0,40,,457,33,0,16 17,0,80,,457,59,4,,0
901019,'1489084',1030,,458,1,,,0,80,,458,33,0,16 17,0,40,,458,59,4,,0
901019,'1489085',1150,,459,1,,,0,80,,459,33,0,16 17,0,80,,459,59,4,,0
901019,'1489086',1310,,460,1,,,0,40,,460,33,0,16 17,0,80,,460,59,4,,0
901019,'1489087',1430,,461,1,,,0,80,,461,33,0,16 17,0,40,,461,59,4,,0
901019,'1489088',1550,,462,1,,,0,80,,462,33,0,16 17,0,80,,462,59,4,,0
901019,'1489089',1710,,463,1,,,0,40,,463,33,0,16 17,0,80,,463,59,4,,0
901019,'1489090',1830,,464,1,,,0,80,,464,33,0,16 17,0,40,,464,59,4,,0
901019,'1489091',1950,,465,1,,,0,80,,465,33,0,16 17,0,80,,465,59,4,,0
901019,'1489092',2110,,466,1,,,0,40,,466,33,0,16 17,0,80,,466,59,4,,0
901019,'1489247',1830,,467,1,,,0,80,,467,33,0,16 17,0,40,,467,59,4,,0
901019,'1489248',1950,,468,1,,,0,80,,468,33,0,16 17,0,80,,468,59,4,,0
901019,'1489249',2110,,469,1,,,0,40,,469,33,0,16 17,0,80,,469,59,4,,0
901019,'1489884',630,,470,1,,,0,80,,470,33,0,14 15,0,20,,470,35,4,,0
901019,'1489885',730,,471,1,,,0,80,,471,33,0,14 15,0,20,,471,35,4,,0
901019,'1489886',830,,472,1,,,0,80,,472,33,0,14 15,0,20,,472,35,4,,0
901019,'1489887',930,,473,1,,,0,80,,473,33,0,14 15,0,20,,473,35,4,,0
901019,'1489888',1030,,474,1,,,0,80,,474,33,0,14 15,0,20,,474,35,4,,0
901019,'1489889',1130,,475,1,,,0,80,,475,33,0,14 15,0,20,,475,35,4,,0
901019,'1489890',1230,,476,1,,,0,80,,476,33,0,14 15,0,20,,476,35,4,,0
901019,'1489891',1330,,477,1,,,0,80,,477,33,0,14 15,0,20,,477,35,4,,0
901019,'1489892',1430,,478,1,,,0,80,,478,33,0,14 15,0,20,,478,35,4,,0
901019,'1489893',1530,,479,1,,,0,80,,479,33,0,14 15,0,20,,479,35,4,,0
901019,'1489894',1630,,480,1,,,0,80,,480,33,0,14 15,0,20,,480,35,4,,0
901019,'1489895',1730,,481,1,,,0,80,,481,33,0,14 15,0,20,,481,35,4,,0
901019,'1492528',630,,482,1,,,0,80,,482,33,0,14 15,0,20,,482,35,4,,0
901019,'1492529',730,,483,1,,,0,80,,483,33,0,14 15,0,20,,483,35,4,,0
901019,'1492530',830,,484,1,,,0,80,,484,33,0,14 15,0,20,,484,35,4,,0
901019,'1492531',930,,485,1,,,0,80,,485,33,0,14 15,0,20,,485,35,4,,0
901019,'1492532',1030,,486,1,,,0,80,,486,33,0,14 15,0,20,,486,35,4,,0
901019,'1492533',1130,,487,1,,,0,80,,487,33,0,14 15,0,20,,487,35,4,,0
901019,'1492534',1230,,488,1,,,0,80,,488,33,0,14 15,0,20,,488,35,4,,0
901019,'1492535',1330,,489,1,,,0,80,,489,33,0,14 15,0,20,,489,35,4,,0
901019,'1492536',1430,,490,1,,,0,80,,490,33,0,14 15,0,20,,490,35,4,,0
901019,'1492537',1530,,491,1,,,0,80,,491,33,0,14 15,0,20,,491,35,4,,0
901019,'1492538',1630,,492,1,,,0,80,,492,33,0,14 15,0,20,,492,35,4,,0
901019,'1492539',1730,,493,1,,,0,80,,493,33,0,14 15,0,20,,493,35,4,,0
901019,'1492540',1830,,494,1,,,0,80,,494,33,0,16 17,0,40,,494,59,4,,0
901019,'1492541',1950,,495,1,,,0,80,,495,33,0,16 17,0,80,,495,59,4,,0
901019,'1492542',2110,,496,1,,,0,40,,496,33,0,16 17,0,80,,496,59,4,,0
902019,'1488205',1830,,497,1,0,16 17,0,80,,497,27,0,16 17,0,40,,497,59,4,,0
902019,'1488206',1950,,498,1,0,16 17,0,80,,498,27,0,16 17,0,80,,498,59,4,,0
902019,'1488207',2110,,499,1,0,16 17,0,40,,499,27,0,16 17,0,80,,499,59,4,,0
902019,'1488257',1750,,500,1,,,0,80,,500,33,4,,0
902019,'1488258',650,,501,6,4,,0
902019,'1488259',750,,502,6,4,,0
902019,'1489896',650,,503,1,,,0,80,,503,33,0,14 15,0,20,,503,35,4,,0
902019,'1489897',750,,504,1,,,0,80,,504,33,0,14 15,0,20,,504,35,4,,0
902019,'1489898',850,,505,1,,,0,80,,505,33,0,14 15,0,20,,505,35,4,,0
902019,'1489899',950,,506,1,,,0,80,,506,33,0,14 15,0,20,,506,35,4,,0
902019,'1489900',1050,,507,1,,,0,80,,507,33,0,14 15,0,20,,507,35,4,,0
902019,'1489901',1150,,508,1,,,0,80,,508,33,0,14 15,0,20,,508,35,4,,0
902019,'1489902',1250,,509,1,,,0,80,,509,33,0,14 15,0,20,,509,35,4,,0
902019,'1489903',1350,,510,1,,,0,80,,510,33,0,14 15,0,20,,510,35,4,,0
902019,'1489904',1450,,511,1,,,0,80,,511,33,0,14 15,0,20,,511,35,4,,0
902019,'1489905',1550,,512,1,,,0,80,,512,33,0,14 15,0,20,,512,35,4,,0
902019,'1489906',1650,,513,1,,,0,80,,513,33,0,14 15,0,20,,513,35,4,,0
902019,'1492543',1830,,514,1,0,16 17,0,80,,514,27,,,0,40,,514,59,4,,0
902019,'1492544',1950,,515,1,0,16 17,0,80,,515,27,,,0,80,,515,59,4,,0
902019,'1492545',2110,,516,1,0,16 17,0,40,,516,27,,,0,80,,516,59,4,,0
902019,'1492546',750,,517,1,0,16 17,0,80,,517,27,,,0,80,,517,59,4,,0
902019,'1492547',910,,518,1,0,16 17,0,40,,518,27,,,0,80,,518,59,4,,0
902019,'1492548',1030,,519,1,0,16 17,0,80,,519,27,,,0,40,,519,59,4,,0
902019,'1492549',1150,,520,1,0,16 17,0,80,,520,27,,,0,80,,520,59,4,,0
902019,'1492550',1310,,521,1,0,16 17,0,40,,521,27,,,0,80,,521,59,4,,0
902019,'1492551',1430,,522,1,0,16 17,0,80,,522,27,,,0,40,,522,59,4,,0
902019,'1492552',1550,,523,1,0,16 17,0,80,,523,27,,,0,80,,523,59,4,,0
902019,'1492553',1710,,524,1,0,16 17,0,40,,524,27,,,0,80,,524,59,4,,0
902019,'1492554',1830,,525,1,0,16 17,0,80,,525,27,,,0,40,,525,59,4,,0
902019,'1492555',1950,,526,1,0,16 17,0,80,,526,27,,,0,80,,526,59,4,,0
902019,'1492556',2110,,527,1,0,16 17,0,40,,527,27,,,0,80,,527,59,4,,0
903019,'1487148',710,,431,6,4,,0
903019,'1492477',710,,432,1,0,5,0,40,,432,33,0,14 15,0,60,,432,35,4,,0
903019,'1492478',810,,433,1,0,5,0,40,,433,33,0,14 15,0,60,,433,35,4,,0
903019,'1492479',910,,434,1,0,5,0,40,,434,33,0,14 15,0,60,,434,35,4,,0
903019,'1492480',1010,,435,1,0,5,0,40,,435,33,0,14 15,0,60,,435,35,4,,0
903019,'1492481',1110,,436,1,0,5,0,40,,436,33,0,14 15,0,60,,436,35,4,,0
903019,'1492482',1210,,437,1,0,5,0,40,,437,33,0,14 15,0,60,,437,35,4,,0
903019,'1492483',1310,,438,1,0,5,0,40,,438,33,0,14 15,0,60,,438,35,4,,0
903019,'1492484',1410,,439,1,0,5,0,40,,439,33,0,14 15,0,60,,439,35,4,,0
903019,'1492485',1510,,440,1,0,5,0,40,,440,33,0,14 15,0,60,,440,35,4,,0
903019,'1492486',1610,,441,1,0,5,0,40,,441,33,0,14 15,0,60,,441,35,4,,0
903019,'1492487',1710,,442,1,0,5,0,40,,442,33,0,14 15,0,60,,442,35,4,,0
903019,'1492557',710,,443,1,0,5,0,40,,443,33,0,14 15,0,60,,443,35,4,,0
903019,'1492558',810,,444,1,0,5,0,40,,444,33,0,14 15,0,60,,444,35,4,,0
903019,'1492559',910,,445,1,0,5,0,40,,445,33,0,14 15,0,60,,445,35,4,,0
903019,'1492560',1010,,446,1,0,5,0,40,,446,33,0,14 15,0,60,,446,35,4,,0
903019,'1492561',1110,,447,1,0,5,0,40,,447,33,0,14 15,0,60,,447,35,4,,0
903019,'1492562',1210,,448,1,0,5,0,40,,448,33,0,14 15,0,60,,448,35,4,,0
903019,'1492563',1310,,449,1,0,5,0,40,,449,33,0,14 15,0,60,,449,35,4,,0
903019,'1492564',1410,,450,1,0,5,0,40,,450,33,0,14 15,0,60,,450,35,4,,0
903019,'1492565',1510,,451,1,0,5,0,40,,451,33,0,14 15,0,60,,451,35,4,,0
903019,'1492566',1610,,452,1,0,5,0,40,,452,33,0,14 15,0,60,,452,35,4,,0
903019,'1492567',1710,,453,1,0,5,0,40,,453,33,0,14 15,0,60,,453,35,4,,0
