901019,'1489082',752,,456,2,,,0
901019,'1489083',912,,457,2,,,0
901019,'1489084',1032,,458,2,,,0
901019,'1489085',1152,,459,2,,,0
901019,'1489086',1312,,460,2,,,0
901019,'1489087',1432,,461,2,,,0
901019,'1489088',1552,,462,2,,,0
901019,'1489089',1712,,463,2,,,0
901019,'1489090',1832,,464,2,,,0
901019,'1489091',1952,,465,2,,,0
901019,'1489092',2112,,466,2,,,0
901019,'1489247',1832,,467,2,,,0
901019,'1489248',1952,,468,2,,,0
901019,'1489249',2112,,469,2,,,0
901019,'1489884',632,,470,2,,,0
901019,'1489885',732,,471,2,,,0
901019,'1489886',832,,472,2,,,0
901019,'1489887',932,,473,2,,,0
901019,'1489888',1032,,474,2,,,0
901019,'1489889',1132,,475,2,,,0
901019,'1489890',1232,,476,2,,,0
901019,'1489891',1332,,477,2,,,0
901019,'1489892',1432,,478,2,,,0
901019,'1489893',1532,,479,2,,,0
901019,'1489894',1632,,480,2,,,0
901019,'1489895',1732,,481,2,,,0
901019,'1492528',632,,482,2,,,0
901019,'1492529',732,,483,2,,,0
901019,'1492530',832,,484,2,,,0
901019,'1492531',932,,485,2,,,0
901019,'1492532',1032,,486,2,,,0
901019,'1492533',1132,,487,2,,,0
901019,'1492534',1232,,488,2,,,0
901019,'1492535',1332,,489,2,,,0
901019,'1492536',1432,,490,2,,,0
901019,'1492537',1532,,491,2,,,0
901019,'1492538',1632,,492,2,,,0
901019,'1492539',1732,,493,2,,,0
901019,'1492540',1832,,494,2,,,0
901019,'1492541',1952,,495,2,,,0
901019,'1492542',2112,,496,2,,,0
902019,'1488205',1912,,497,28,,,0
902019,'1488206',2032,,498,28,,,0
902019,'1488207',2152,,499,28,,,0
902019,'1488257',1752,,500,2,,,0
902019,'1489896',652,,503,2,,,0
902019,'1489897',752,,504,2,,,0
902019,'1489898',852,,505,2,,,0
902019,'1489899',952,,506,2,,,0
902019,'1489900',1052,,507,2,,,0
902019,'1489901',1152,,508,2,,,0
902019,'1489902',1252,,509,2,,,0
902019,'1489903',1352,,510,2,,,0
902019,'1489904',1452,,511,2,,,0
902019,'1489905',1552,,512,2,,,0
902019,'1489906',1652,,513,2,,,0
902019,'1492543',1912,,514,28,,,0
902019,'1492544',2032,,515,28,,,0
902019,'1492545',2152,,516,28,,,0
902019,'1492546',832,,517,28,,,0
902019,'1492547',952,,518,28,,,0
902019,'1492548',1112,,519,28,,,0
902019,'1492549',1232,,520,28,,,0
902019,'1492550',1352,,521,28,,,0
902019,'1492551',1512,,522,28,,,0
902019,'1492552',1632,,523,28,,,0
902019,'1492553',1752,,524,28,,,0
902019,'1492554',1912,,525,28,,,0
902019,'1492555',2032,,526,28,,,0
902019,'1492556',2152,,527,28,,,0
903019,'1492477',712,,432,2,0,5,0
903019,'1492478',812,,433,2,0,5,0
903019,'1492479',912,,434,2,0,5,0
903019,'1492480',1012,,435,2,0,5,0
903019,'1492481',1112,,436,2,0,5,0
903019,'1492482',1212,,437,2,0,5,0
903019,'1492483',1312,,438,2,0,5,0
903019,'1492484',1412,,439,2,0,5,0
903019,'1492485',1512,,440,2,0,5,0
903019,'1492486',1612,,441,2,0,5,0
903019,'1492487',1712,,442,2,0,5,0
903019,'1492557',712,,443,2,0,5,0
903019,'1492558',812,,444,2,0,5,0
903019,'1492559',912,,445,2,0,5,0
903019,'1492560',1012,,446,2,0,5,0
903019,'1492561',1112,,447,2,0,5,0
903019,'1492562',1212,,448,2,0,5,0
903019,'1492563',1312,,449,2,0,5,0
903019,'1492564',1412,,450,2,0,5,0
903019,'1492565',1512,,451,2,0,5,0
903019,'1492566',1612,,452,2,0,5,0
903019,'1492567',1712,,453,2,0,5,0
