901019,'1489082',804,,456,15,,,0
901019,'1489083',924,,457,15,,,0
901019,'1489084',1044,,458,15,,,0
901019,'1489085',1204,,459,15,,,0
901019,'1489086',1324,,460,15,,,0
901019,'1489087',1444,,461,15,,,0
901019,'1489088',1604,,462,15,,,0
901019,'1489089',1724,,463,15,,,0
901019,'1489090',1844,,464,15,,,0
901019,'1489091',2004,,465,15,,,0
901019,'1489092',2124,,466,15,,,0
901019,'1492528',644,,482,15,,,0
901019,'1492529',744,,483,15,,,0
901019,'1492530',844,,484,15,,,0
901019,'1492531',944,,485,15,,,0
901019,'1492532',1044,,486,15,,,0
901019,'1492533',1144,,487,15,,,0
901019,'1492534',1244,,488,15,,,0
901019,'1492535',1344,,489,15,,,0
901019,'1492536',1444,,490,15,,,0
901019,'1492537',1544,,491,15,,,0
901019,'1492538',1644,,492,15,,,0
901019,'1492539',1744,,493,15,,,0
901019,'1492540',1844,,494,15,,,0
901019,'1492541',2004,,495,15,,,0
901019,'1492542',2124,,496,15,,,0
902019,'1488257',1804,,500,15,,,0
902019,'1489896',704,,503,15,,,0
902019,'1489897',804,,504,15,,,0
902019,'1489898',904,,505,15,,,0
902019,'1489899',1004,,506,15,,,0
902019,'1489900',1104,,507,15,,,0
902019,'1489901',1204,,508,15,,,0
902019,'1489902',1304,,509,15,,,0
902019,'1489903',1404,,510,15,,,0
902019,'1489904',1504,,511,15,,,0
902019,'1489905',1604,,512,15,,,0
902019,'1489906',1704,,513,15,,,0
902019,'1492543',1924,,514,41,,,0
902019,'1492544',2044,,515,41,,,0
902019,'1492545',2204,,516,41,,,0
902019,'1492546',844,,517,41,,,0
902019,'1492547',1004,,518,41,,,0
902019,'1492548',1124,,519,41,,,0
902019,'1492549',1244,,520,41,,,0
902019,'1492550',1404,,521,41,,,0
902019,'1492551',1524,,522,41,,,0
902019,'1492552',1644,,523,41,,,0
902019,'1492553',1804,,524,41,,,0
902019,'1492554',1924,,525,41,,,0
902019,'1492555',2044,,526,41,,,0
902019,'1492556',2204,,527,41,,,0
903019,'1492557',724,,443,15,0,5,0
903019,'1492558',824,,444,15,0,5,0
903019,'1492559',924,,445,15,0,5,0
903019,'1492560',1024,,446,15,0,5,0
903019,'1492561',1124,,447,15,0,5,0
903019,'1492562',1224,,448,15,0,5,0
903019,'1492563',1324,,449,15,0,5,0
903019,'1492564',1424,,450,15,0,5,0
903019,'1492565',1524,,451,15,0,5,0
903019,'1492566',1624,,452,15,0,5,0
903019,'1492567',1724,,453,15,0,5,0
