7019,'1489971',710,,113,33,0,7,0
7019,'1489972',750,,114,33,0,7,0
7019,'1489973',830,,115,33,0,7,0
7019,'1489974',910,,116,33,0,7,0
7019,'1489975',950,,117,33,0,7,0
7019,'1489976',1030,,118,33,0,7,0
7019,'1489983',1510,,119,33,0,7,0
7019,'1489984',1550,,120,33,0,7,0
7019,'1489985',1630,,121,33,0,7,0
7019,'1489986',1710,,122,33,0,7,0
7019,'1489987',1750,,123,33,0,7,0
7019,'1489988',1830,,124,33,0,7,0
7019,'1489995',830,,125,33,0,7,0
7019,'1489996',910,,126,33,0,7,0
7019,'1489997',950,,127,33,0,7,0
7019,'1489998',1030,,128,33,0,7,0
7019,'1489999',1110,,129,33,0,7,0
7019,'1490000',1150,,130,33,0,7,0
7019,'1490001',1230,,131,33,0,7,0
7019,'1490002',1310,,132,33,0,7,0
7019,'1490003',1350,,133,33,0,7,0
7019,'1490004',1430,,134,33,0,7,0
7019,'1490005',1510,,135,33,0,7,0
7019,'1490006',1550,,136,33,0,7,0
7019,'1490007',1630,,137,33,0,7,0
7019,'1490008',1710,,138,33,0,7,0
7019,'1490009',1750,,139,33,0,7,0
7019,'1490010',1830,,140,33,0,7,0
7019,'1492401',1310,,141,33,0,7,0
7019,'1492402',1350,,142,33,0,7,0
7019,'1492403',1430,,143,33,0,7,0
7019,'1492404',1710,,144,33,0,7,0
7019,'1492405',1750,,145,33,0,7,0
7019,'1492406',1830,,146,33,0,7,0
7019,'1492407',1310,,147,33,0,7,0
7019,'1492408',1350,,148,33,0,7,0
7019,'1492409',1430,,149,33,0,7,0
7019,'1492456',1110,,150,33,0,7,0
7019,'1492457',1150,,151,33,0,7,0
7019,'1492458',1230,,152,33,0,7,0
7019,'1492459',1510,,153,33,0,7,0
7019,'1492460',1550,,154,33,0,7,0
7019,'1492461',1630,,155,33,0,7,0
7019,'1492462',1110,,156,33,0,7,0
7019,'1492463',1150,,157,33,0,7,0
7019,'1492464',1230,,158,33,0,7,0
