901019,'1489082',814,,456,22,0,6,0
901019,'1489083',934,,457,22,0,6,0
901019,'1489084',1054,,458,22,0,6,0
901019,'1489085',1214,,459,22,0,6,0
901019,'1489086',1334,,460,22,0,6,0
901019,'1489087',1454,,461,22,0,6,0
901019,'1489088',1614,,462,22,0,6,0
901019,'1489089',1734,,463,22,0,6,0
901019,'1489090',1854,,464,22,0,6,0
901019,'1489091',2014,,465,22,0,6,0
901019,'1489092',2134,,466,22,0,6,0
901019,'1489247',1855,,467,22,0,6,0
901019,'1489248',2015,,468,22,0,6,0
901019,'1489249',2135,,469,22,0,6,0
901019,'1489884',654,,470,22,0,6,0
901019,'1489885',754,,471,22,0,6,0
901019,'1489886',854,,472,22,0,6,0
901019,'1489887',954,,473,22,0,6,0
901019,'1489888',1054,,474,22,0,6,0
901019,'1489889',1154,,475,22,0,6,0
901019,'1489890',1254,,476,22,0,6,0
901019,'1489891',1354,,477,22,0,6,0
901019,'1489892',1454,,478,22,0,6,0
901019,'1489893',1554,,479,22,0,6,0
901019,'1489894',1654,,480,22,0,6,0
901019,'1489895',1754,,481,22,0,6,0
901019,'1492528',654,,482,22,0,6,0
901019,'1492529',754,,483,22,0,6,0
901019,'1492530',854,,484,22,0,6,0
901019,'1492531',954,,485,22,0,6,0
901019,'1492532',1054,,486,22,0,6,0
901019,'1492533',1154,,487,22,0,6,0
901019,'1492534',1254,,488,22,0,6,0
901019,'1492535',1354,,489,22,0,6,0
901019,'1492536',1454,,490,22,0,6,0
901019,'1492537',1554,,491,22,0,6,0
901019,'1492538',1654,,492,22,0,6,0
901019,'1492539',1754,,493,22,0,6,0
901019,'1492540',1854,,494,22,0,6,0
901019,'1492541',2014,,495,22,0,6,0
901019,'1492542',2134,,496,22,0,6,0
902019,'1488205',1934,,497,48,0,6,0
902019,'1488206',2054,,498,48,0,6,0
902019,'1488207',2214,,499,48,0,6,0
902019,'1488257',1814,,500,22,0,6,0
902019,'1489896',714,,503,22,0,6,0
902019,'1489897',814,,504,22,0,6,0
902019,'1489898',914,,505,22,0,6,0
902019,'1489899',1014,,506,22,0,6,0
902019,'1489900',1114,,507,22,0,6,0
902019,'1489901',1214,,508,22,0,6,0
902019,'1489902',1314,,509,22,0,6,0
902019,'1489903',1414,,510,22,0,6,0
902019,'1489904',1514,,511,22,0,6,0
902019,'1489905',1614,,512,22,0,6,0
902019,'1489906',1714,,513,22,0,6,0
902019,'1492543',1934,,514,48,0,6,0
902019,'1492544',2054,,515,48,0,6,0
902019,'1492545',2214,,516,48,0,6,0
902019,'1492546',854,,517,48,0,6,0
902019,'1492547',1014,,518,48,0,6,0
902019,'1492548',1134,,519,48,0,6,0
902019,'1492549',1254,,520,48,0,6,0
902019,'1492550',1414,,521,48,0,6,0
902019,'1492551',1534,,522,48,0,6,0
902019,'1492552',1654,,523,48,0,6,0
902019,'1492553',1814,,524,48,0,6,0
902019,'1492554',1934,,525,48,0,6,0
902019,'1492555',2054,,526,48,0,6,0
902019,'1492556',2214,,527,48,0,6,0
903019,'1492477',735,,432,22,,,0
903019,'1492478',835,,433,22,,,0
903019,'1492479',935,,434,22,,,0
903019,'1492480',1035,,435,22,,,0
903019,'1492481',1135,,436,22,,,0
903019,'1492482',1235,,437,22,,,0
903019,'1492483',1335,,438,22,,,0
903019,'1492484',1435,,439,22,,,0
903019,'1492485',1535,,440,22,,,0
903019,'1492486',1635,,441,22,,,0
903019,'1492487',1735,,442,22,,,0
903019,'1492557',734,,443,22,,,0
903019,'1492558',834,,444,22,,,0
903019,'1492559',934,,445,22,,,0
903019,'1492560',1034,,446,22,,,0
903019,'1492561',1134,,447,22,,,0
903019,'1492562',1234,,448,22,,,0
903019,'1492563',1334,,449,22,,,0
903019,'1492564',1434,,450,22,,,0
903019,'1492565',1534,,451,22,,,0
903019,'1492566',1634,,452,22,,,0
903019,'1492567',1734,,453,22,,,0
