2019,'1486350',645,,45,21,,,0
2019,'1486351',725,,46,21,,,0
2019,'1486352',805,,47,21,,,0
2019,'1486353',845,,48,21,,,0
2019,'1486354',925,,49,21,,,0
2019,'1486355',1005,,50,21,,,0
2019,'1486356',1045,,51,21,,,0
2019,'1486357',1125,,52,21,,,0
2019,'1486358',1205,,53,21,,,0
2019,'1486359',1245,,54,21,,,0
2019,'1486360',1325,,55,21,,,0
2019,'1486361',1405,,56,21,,,0
2019,'1486362',1445,,57,21,,,0
2019,'1486363',1525,,58,21,,,0
2019,'1486364',1605,,59,21,,,0
2019,'1486365',1645,,60,21,,,0
2019,'1486366',1725,,61,21,,,0
2019,'1486958',1805,,62,21,,,0
4019,'1480746',626,,63,5,,,0
4019,'1480747',746,,64,5,,,0
15019,'1480582',626,,255,7,0,6,0
15019,'1480583',826,,256,7,0,6,0
