14019,'1489925',708,,209,35,,,0
14019,'1489926',748,,210,35,,,0
14019,'1489927',828,,211,35,,,0
14019,'1489928',908,,212,35,,,0
14019,'1489929',948,,213,35,,,0
14019,'1489930',1028,,214,35,,,0
14019,'1489931',1108,,215,35,,,0
14019,'1489932',1148,,216,35,,,0
14019,'1489933',1228,,217,35,,,0
14019,'1489934',1308,,218,35,,,0
14019,'1489935',1348,,219,35,,,0
14019,'1489936',1428,,220,35,,,0
14019,'1489937',1508,,221,35,,,0
14019,'1489938',1548,,222,35,,,0
14019,'1489939',1628,,223,35,,,0
14019,'1489940',1708,,224,35,,,0
14019,'1489941',1748,,225,35,,,0
14019,'1489942',1828,,226,35,,,0
14019,'1489943',1908,,227,35,,,0
14019,'1489944',1948,,228,35,,,0
14019,'1489945',2028,,229,35,,,0
14019,'1489946',2108,,230,35,,,0
14019,'1489947',2148,,231,35,,,0
14019,'1489948',2228,,232,35,,,0
14019,'1489949',828,,233,35,,,0
14019,'1489950',908,,234,35,,,0
14019,'1489951',948,,235,35,,,0
14019,'1489952',1028,,236,35,,,0
14019,'1489953',1108,,237,35,,,0
14019,'1489954',1148,,238,35,,,0
14019,'1489955',1228,,239,35,,,0
14019,'1489956',1308,,240,35,,,0
14019,'1489957',1348,,241,35,,,0
14019,'1489958',1428,,242,35,,,0
14019,'1489959',1508,,243,35,,,0
14019,'1489960',1548,,244,35,,,0
14019,'1489961',1628,,245,35,,,0
14019,'1489962',1708,,246,35,,,0
14019,'1489963',1748,,247,35,,,0
14019,'1489964',1828,,248,35,,,0
14019,'1489965',1908,,249,35,,,0
14019,'1489966',1948,,250,35,,,0
14019,'1489967',2028,,251,35,,,0
14019,'1489968',2108,,252,35,,,0
14019,'1489969',2148,,253,35,,,0
14019,'1489970',2228,,254,35,,,0
