7019,'1489971',656,,113,21,0,7,0
7019,'1489972',736,,114,21,0,7,0
7019,'1489973',816,,115,21,0,7,0
7019,'1489974',856,,116,21,0,7,0
7019,'1489975',936,,117,21,0,7,0
7019,'1489976',1016,,118,21,0,7,0
7019,'1489983',1456,,119,21,0,7,0
7019,'1489984',1536,,120,21,0,7,0
7019,'1489985',1616,,121,21,0,7,0
7019,'1489986',1656,,122,21,0,7,0
7019,'1489987',1736,,123,21,0,7,0
7019,'1489988',1816,,124,21,0,7,0
7019,'1489995',816,,125,21,0,7,0
7019,'1489996',856,,126,21,0,7,0
7019,'1489997',936,,127,21,0,7,0
7019,'1489998',1016,,128,21,0,7,0
7019,'1489999',1056,,129,21,0,7,0
7019,'1490000',1136,,130,21,0,7,0
7019,'1490001',1216,,131,21,0,7,0
7019,'1490002',1256,,132,21,0,7,0
7019,'1490003',1336,,133,21,0,7,0
7019,'1490004',1416,,134,21,0,7,0
7019,'1490005',1456,,135,21,0,7,0
7019,'1490006',1536,,136,21,0,7,0
7019,'1490007',1616,,137,21,0,7,0
7019,'1490008',1656,,138,21,0,7,0
7019,'1490009',1736,,139,21,0,7,0
7019,'1490010',1816,,140,21,0,7,0
7019,'1492401',1256,,141,21,0,7,0
7019,'1492402',1336,,142,21,0,7,0
7019,'1492403',1416,,143,21,0,7,0
7019,'1492404',1656,,144,21,0,7,0
7019,'1492405',1736,,145,21,0,7,0
7019,'1492406',1816,,146,21,0,7,0
7019,'1492407',1256,,147,21,0,7,0
7019,'1492408',1336,,148,21,0,7,0
7019,'1492409',1416,,149,21,0,7,0
7019,'1492456',1056,,150,21,0,7,0
7019,'1492457',1136,,151,21,0,7,0
7019,'1492458',1216,,152,21,0,7,0
7019,'1492459',1456,,153,21,0,7,0
7019,'1492460',1536,,154,21,0,7,0
7019,'1492461',1616,,155,21,0,7,0
7019,'1492462',1056,,156,21,0,7,0
7019,'1492463',1136,,157,21,0,7,0
7019,'1492464',1216,,158,21,0,7,0
