4019,'1489036',706,,65,33,,,0
4019,'1489037',746,,66,33,,,0
4019,'1489038',826,,67,33,,,0
4019,'1489039',906,,68,33,,,0
4019,'1489040',946,,69,33,,,0
4019,'1489041',1026,,70,33,,,0
4019,'1489042',1106,,71,33,,,0
4019,'1489043',1146,,72,33,,,0
4019,'1489044',1226,,73,33,,,0
4019,'1489045',1306,,74,33,,,0
4019,'1489046',1346,,75,33,,,0
4019,'1489047',1426,,76,33,,,0
4019,'1489048',1506,,77,33,,,0
4019,'1489049',1546,,78,33,,,0
4019,'1489050',1626,,79,33,,,0
4019,'1489051',1706,,80,33,,,0
4019,'1489052',1746,,81,33,,,0
4019,'1489053',1826,,82,33,,,0
4019,'1489054',1906,,83,33,,,0
4019,'1489055',1946,,84,33,,,0
4019,'1489056',2026,,85,33,,,0
4019,'1489057',2106,,86,33,,,0
4019,'1489058',2146,,87,33,,,0
4019,'1489059',2226,,88,33,,,0
4019,'1489060',826,,89,33,,,0
4019,'1489061',906,,90,33,,,0
4019,'1489062',946,,91,33,,,0
4019,'1489063',1026,,92,33,,,0
4019,'1489064',1106,,93,33,,,0
4019,'1489065',1146,,94,33,,,0
4019,'1489066',1226,,95,33,,,0
4019,'1489067',1306,,96,33,,,0
4019,'1489068',1346,,97,33,,,0
4019,'1489069',1426,,98,33,,,0
4019,'1489070',1506,,99,33,,,0
4019,'1489071',1546,,100,33,,,0
4019,'1489072',1626,,101,33,,,0
4019,'1489073',1706,,102,33,,,0
4019,'1489074',1746,,103,33,,,0
4019,'1489075',1826,,104,33,,,0
4019,'1489076',1906,,105,33,,,0
4019,'1489077',1946,,106,33,,,0
4019,'1489078',2026,,107,33,,,0
4019,'1489079',2106,,108,33,,,0
4019,'1489080',2146,,109,33,,,0
4019,'1489081',2226,,110,33,,,0
15019,'1480582',626,,255,6,0,6,0
15019,'1480583',826,,256,6,0,6,0
