19019,'1489098',700,,308,22,,,0
19019,'1489099',740,,309,22,,,0
19019,'1489100',820,,310,22,,,0
19019,'1489101',900,,311,22,,,0
19019,'1489102',940,,312,22,,,0
19019,'1489103',1020,,313,22,,,0
19019,'1489104',1100,,314,22,,,0
19019,'1489105',1140,,315,22,,,0
19019,'1489106',1220,,316,22,,,0
19019,'1489107',1300,,317,22,,,0
19019,'1489108',1340,,318,22,,,0
19019,'1489109',1420,,319,22,,,0
19019,'1489110',1500,,320,22,,,0
19019,'1489111',1540,,321,22,,,0
19019,'1489112',1620,,322,22,,,0
19019,'1489113',1700,,323,22,,,0
19019,'1489114',1740,,324,22,,,0
19019,'1489115',1820,,325,22,,,0
19019,'1489116',720,,326,22,,,0
19019,'1489117',800,,327,22,,,0
19019,'1489118',840,,328,22,,,0
19019,'1489119',920,,329,22,,,0
19019,'1489120',1000,,330,22,,,0
19019,'1489121',1040,,331,22,,,0
19019,'1489122',1120,,332,22,,,0
19019,'1489123',1200,,333,22,,,0
19019,'1489124',1240,,334,22,,,0
19019,'1489125',1320,,335,22,,,0
19019,'1489126',1400,,336,22,,,0
19019,'1489127',1440,,337,22,,,0
19019,'1489128',1520,,338,22,,,0
19019,'1489129',1600,,339,22,,,0
19019,'1489130',1640,,340,22,,,0
19019,'1489131',1720,,341,22,,,0
19019,'1489132',1800,,342,22,,,0
901019,'1489082',900,,456,53,0,16 17,0
901019,'1489083',1020,,457,53,0,16 17,0
901019,'1489084',1140,,458,53,0,16 17,0
901019,'1489085',1300,,459,53,0,16 17,0
901019,'1489086',1420,,460,53,0,16 17,0
901019,'1489087',1540,,461,53,0,16 17,0
901019,'1489088',1700,,462,53,0,16 17,0
901019,'1489089',1820,,463,53,0,16 17,0
901019,'1489090',1940,,464,53,0,16 17,0
901019,'1489091',2100,,465,53,0,16 17,0
901019,'1489092',2220,,466,53,0,16 17,0
901019,'1492540',1940,,494,53,0,16 17,0
901019,'1492541',2100,,495,53,0,16 17,0
901019,'1492542',2220,,496,53,0,16 17,0
902019,'1492543',1900,,514,21,0,16 17,0
902019,'1492544',2020,,515,21,0,16 17,0
902019,'1492545',2140,,516,21,0,16 17,0
902019,'1492546',820,,517,21,0,16 17,0
902019,'1492547',940,,518,21,0,16 17,0
902019,'1492548',1100,,519,21,0,16 17,0
902019,'1492549',1220,,520,21,0,16 17,0
902019,'1492550',1340,,521,21,0,16 17,0
902019,'1492551',1500,,522,21,0,16 17,0
902019,'1492552',1620,,523,21,0,16 17,0
902019,'1492553',1740,,524,21,0,16 17,0
902019,'1492554',1900,,525,21,0,16 17,0
902019,'1492555',2020,,526,21,0,16 17,0
902019,'1492556',2140,,527,21,0,16 17,0
