4019,'1489036',659,,65,21,,,0
4019,'1489037',739,,66,21,,,0
4019,'1489038',819,,67,21,,,0
4019,'1489039',859,,68,21,,,0
4019,'1489040',939,,69,21,,,0
4019,'1489041',1019,,70,21,,,0
4019,'1489042',1059,,71,21,,,0
4019,'1489043',1139,,72,21,,,0
4019,'1489044',1219,,73,21,,,0
4019,'1489045',1259,,74,21,,,0
4019,'1489046',1339,,75,21,,,0
4019,'1489047',1419,,76,21,,,0
4019,'1489048',1459,,77,21,,,0
4019,'1489049',1539,,78,21,,,0
4019,'1489050',1619,,79,21,,,0
4019,'1489051',1659,,80,21,,,0
4019,'1489052',1739,,81,21,,,0
4019,'1489053',1819,,82,21,,,0
4019,'1489054',1859,,83,21,,,0
4019,'1489055',1939,,84,21,,,0
4019,'1489056',2019,,85,21,,,0
4019,'1489057',2059,,86,21,,,0
4019,'1489058',2139,,87,21,,,0
4019,'1489059',2219,,88,21,,,0
4019,'1489060',819,,89,21,,,0
4019,'1489061',859,,90,21,,,0
4019,'1489062',939,,91,21,,,0
4019,'1489063',1019,,92,21,,,0
4019,'1489064',1059,,93,21,,,0
4019,'1489065',1139,,94,21,,,0
4019,'1489066',1219,,95,21,,,0
4019,'1489067',1259,,96,21,,,0
4019,'1489068',1339,,97,21,,,0
4019,'1489069',1419,,98,21,,,0
4019,'1489070',1459,,99,21,,,0
4019,'1489071',1539,,100,21,,,0
4019,'1489072',1619,,101,21,,,0
4019,'1489073',1659,,102,21,,,0
4019,'1489074',1739,,103,21,,,0
4019,'1489075',1819,,104,21,,,0
4019,'1489076',1859,,105,21,,,0
4019,'1489077',1939,,106,21,,,0
4019,'1489078',2019,,107,21,,,0
4019,'1489079',2059,,108,21,,,0
4019,'1489080',2139,,109,21,,,0
4019,'1489081',2219,,110,21,,,0
