12019,'1492505',723,,184,17,0,12 13,0
12019,'1492506',823,,185,17,0,12 13,0
12019,'1492507',1123,,186,17,0,12 13,0
12019,'1492508',1223,,187,17,0,12 13,0
12019,'1492509',1523,,188,17,0,12 13,0
12019,'1492510',1623,,189,17,0,12 13,0
12019,'1492511',823,,190,17,0,12 13,0
12019,'1492512',1123,,191,17,0,12 13,0
12019,'1492513',1223,,192,17,0,12 13,0
12019,'1492514',1523,,193,17,0,12 13,0
12019,'1492515',1623,,194,17,0,12 13,0
12019,'1492516',923,,195,17,0,12 13,0
12019,'1492517',1023,,196,17,0,12 13,0
12019,'1492518',1323,,197,17,0,12 13,0
12019,'1492519',1423,,198,17,0,12 13,0
12019,'1492520',1723,,199,17,0,12 13,0
12019,'1492521',1823,,200,17,0,12 13,0
12019,'1492522',923,,201,17,0,12 13,0
12019,'1492523',1023,,202,17,0,12 13,0
12019,'1492524',1323,,203,17,0,12 13,0
12019,'1492525',1423,,204,17,0,12 13,0
12019,'1492526',1723,,205,17,0,12 13,0
12019,'1492527',1823,,206,17,0,12 13,0
