20019,'1492422',655,,378,22,,,0
20019,'1492423',735,,379,22,,,0
20019,'1492424',815,,380,22,,,0
20019,'1492425',855,,381,22,,,0
20019,'1492426',935,,382,22,,,0
20019,'1492427',1015,,383,22,,,0
20019,'1492428',1055,,384,22,,,0
20019,'1492429',1135,,385,22,,,0
20019,'1492430',1215,,386,22,,,0
20019,'1492431',1255,,387,22,,,0
20019,'1492432',1335,,388,22,,,0
20019,'1492433',1415,,389,22,,,0
20019,'1492434',1455,,390,22,,,0
20019,'1492435',1535,,391,22,,,0
20019,'1492436',1615,,392,22,,,0
20019,'1492437',1655,,393,22,,,0
20019,'1492438',1735,,394,22,,,0
20019,'1492439',1815,,395,22,,,0
20019,'1492440',815,,396,22,,,0
20019,'1492441',855,,397,22,,,0
20019,'1492442',935,,398,22,,,0
20019,'1492443',1015,,399,22,,,0
20019,'1492444',1055,,400,22,,,0
20019,'1492445',1135,,401,22,,,0
20019,'1492446',1215,,402,22,,,0
20019,'1492447',1255,,403,22,,,0
20019,'1492448',1335,,404,22,,,0
20019,'1492449',1415,,405,22,,,0
20019,'1492450',1455,,406,22,,,0
20019,'1492451',1535,,407,22,,,0
20019,'1492452',1615,,408,22,,,0
20019,'1492453',1655,,409,22,,,0
20019,'1492454',1735,,410,22,,,0
20019,'1492455',1815,,411,22,,,0
