15019,'1484063',645,,257,15,,,0
15019,'1484064',745,,258,15,,,0
15019,'1484065',845,,259,15,,,0
15019,'1484066',945,,260,15,,,0
15019,'1484067',1045,,261,15,,,0
15019,'1484068',1145,,262,15,,,0
15019,'1484069',1245,,263,15,,,0
15019,'1484070',1345,,264,15,,,0
15019,'1484071',1445,,265,15,,,0
15019,'1484072',1545,,266,15,,,0
15019,'1484073',1645,,267,15,,,0
15019,'1484074',1745,,268,15,,,0
15019,'1489344',1845,,269,15,,,0
15019,'1489345',1945,,270,15,,,0
15019,'1489346',2045,,271,15,,,0
15019,'1489347',2145,,272,15,,,0
15019,'1489348',845,,273,15,,,0
15019,'1489349',945,,274,15,,,0
15019,'1489350',1045,,275,15,,,0
15019,'1489351',1145,,276,15,,,0
15019,'1489352',1245,,277,15,,,0
15019,'1489353',1345,,278,15,,,0
15019,'1489354',1445,,279,15,,,0
15019,'1489355',1545,,280,15,,,0
15019,'1489356',1645,,281,15,,,0
15019,'1489357',1745,,282,15,,,0
15019,'1489358',1845,,283,15,,,0
15019,'1489359',1945,,284,15,,,0
15019,'1489360',2045,,285,15,,,0
15019,'1489361',2145,,286,15,,,0
