16019,'1488147',742,,287,5,0,9 10,0
16019,'1488148',842,,288,5,0,9 10,0
16019,'1488149',942,,289,5,0,9 10,0
16019,'1488162',1242,,290,5,0,9 10,0
16019,'1488163',1342,,291,5,0,9 10,0
16019,'1488164',1442,,292,5,0,9 10,0
16019,'1488165',1542,,293,5,0,9 10,0
16019,'1488166',1642,,294,5,0,9 10,0
16019,'1488167',1742,,295,5,0,9 10,0
16019,'1492416',1042,,296,5,0,9 10,0
16019,'1492417',1142,,297,5,0,9 10,0
16019,'1492418',1042,,298,5,0,9 10,0
16019,'1492419',1142,,299,5,0,9 10,0
16019,'1492420',1442,,300,5,0,9 10,0
16019,'1492421',1542,,301,5,0,9 10,0
16019,'1492471',842,,302,5,0,9 10,0
16019,'1492472',942,,303,5,0,9 10,0
16019,'1492473',1642,,304,5,0,9 10,0
16019,'1492474',1742,,305,5,0,9 10,0
16019,'1492475',1242,,306,5,0,9 10,0
16019,'1492476',1342,,307,5,0,9 10,0
