93019,'1492477',744,,432,31,,,0
93019,'1492478',844,,433,31,,,0
93019,'1492479',944,,434,31,,,0
93019,'1492480',1044,,435,31,,,0
93019,'1492481',1144,,436,31,,,0
93019,'1492482',1244,,437,31,,,0
93019,'1492483',1344,,438,31,,,0
93019,'1492484',1444,,439,31,,,0
93019,'1492485',1544,,440,31,,,0
93019,'1492486',1644,,441,31,,,0
93019,'1492487',1744,,442,31,,,0
93019,'1492557',744,,443,31,,,0
93019,'1492558',844,,444,31,,,0
93019,'1492559',944,,445,31,,,0
93019,'1492560',1044,,446,31,,,0
93019,'1492561',1144,,447,31,,,0
93019,'1492562',1244,,448,31,,,0
93019,'1492563',1344,,449,31,,,0
93019,'1492564',1444,,450,31,,,0
93019,'1492565',1544,,451,31,,,0
93019,'1492566',1644,,452,31,,,0
93019,'1492567',1744,,453,31,,,0
901019,'1489082',824,,456,31,0,16 17,0
901019,'1489083',944,,457,31,0,16 17,0
901019,'1489084',1104,,458,31,0,16 17,0
901019,'1489085',1224,,459,31,0,16 17,0
901019,'1489086',1344,,460,31,0,16 17,0
901019,'1489087',1504,,461,31,0,16 17,0
901019,'1489088',1624,,462,31,0,16 17,0
901019,'1489089',1744,,463,31,0,16 17,0
901019,'1489090',1904,,464,31,0,16 17,0
901019,'1489091',2024,,465,31,0,16 17,0
901019,'1489092',2144,,466,31,0,16 17,0
901019,'1489247',1904,,467,31,0,6,0
901019,'1489248',2024,,468,31,0,6,0
901019,'1489249',2144,,469,31,0,6,0
901019,'1489884',704,,470,31,0,6,0
901019,'1489885',804,,471,31,0,6,0
901019,'1489886',904,,472,31,0,6,0
901019,'1489887',1004,,473,31,0,6,0
901019,'1489888',1104,,474,31,0,6,0
901019,'1489889',1204,,475,31,0,6,0
901019,'1489890',1304,,476,31,0,6,0
901019,'1489891',1404,,477,31,0,6,0
901019,'1489892',1504,,478,31,0,6,0
901019,'1489893',1604,,479,31,0,6,0
901019,'1489894',1704,,480,31,0,6,0
901019,'1489895',1804,,481,31,0,6,0
901019,'1492528',704,,482,31,0,6,0
901019,'1492529',804,,483,31,0,6,0
901019,'1492530',904,,484,31,0,6,0
901019,'1492531',1004,,485,31,0,6,0
901019,'1492532',1104,,486,31,0,6,0
901019,'1492533',1204,,487,31,0,6,0
901019,'1492534',1304,,488,31,0,6,0
901019,'1492535',1404,,489,31,0,6,0
901019,'1492536',1504,,490,31,0,6,0
901019,'1492537',1604,,491,31,0,6,0
901019,'1492538',1704,,492,31,0,6,0
901019,'1492539',1804,,493,31,0,6,0
901019,'1492540',1904,,494,31,0,6,0
901019,'1492541',2024,,495,31,0,6,0
901019,'1492542',2144,,496,31,0,6,0
902019,'1488205',1944,,497,57,0,6,0
902019,'1488206',2104,,498,57,0,6,0
902019,'1488207',2224,,499,57,0,6,0
902019,'1488257',1824,,500,31,0,6,0
902019,'1489896',724,,503,31,0,6,0
902019,'1489897',824,,504,31,0,6,0
902019,'1489898',924,,505,31,0,6,0
902019,'1489899',1024,,506,31,0,6,0
902019,'1489900',1124,,507,31,0,6,0
902019,'1489901',1224,,508,31,0,6,0
902019,'1489902',1324,,509,31,0,6,0
902019,'1489903',1424,,510,31,0,6,0
902019,'1489904',1524,,511,31,0,6,0
902019,'1489905',1624,,512,31,0,6,0
902019,'1489906',1724,,513,31,0,6,0
902019,'1492543',1944,,514,57,0,6,0
902019,'1492544',2104,,515,57,0,6,0
902019,'1492545',2224,,516,57,0,6,0
902019,'1492546',904,,517,57,0,6,0
902019,'1492547',1024,,518,57,0,6,0
902019,'1492548',1144,,519,57,0,6,0
902019,'1492549',1304,,520,57,0,6,0
902019,'1492550',1424,,521,57,0,6,0
902019,'1492551',1544,,522,57,0,6,0
902019,'1492552',1704,,523,57,0,6,0
902019,'1492553',1824,,524,57,0,6,0
902019,'1492554',1944,,525,57,0,6,0
902019,'1492555',2104,,526,57,0,6,0
902019,'1492556',2224,,527,57,0,6,0
