15019,'1484063',636,,257,8,,,0
15019,'1484064',736,,258,8,,,0
15019,'1484065',836,,259,8,,,0
15019,'1484066',936,,260,8,,,0
15019,'1484067',1036,,261,8,,,0
15019,'1484068',1136,,262,8,,,0
15019,'1484069',1236,,263,8,,,0
15019,'1484070',1336,,264,8,,,0
15019,'1484071',1436,,265,8,,,0
15019,'1484072',1536,,266,8,,,0
15019,'1484073',1636,,267,8,,,0
15019,'1484074',1736,,268,8,,,0
15019,'1489344',1836,,269,8,,,0
15019,'1489345',1936,,270,8,,,0
15019,'1489346',2036,,271,8,,,0
15019,'1489347',2136,,272,8,,,0
15019,'1489348',836,,273,8,,,0
15019,'1489349',936,,274,8,,,0
15019,'1489350',1036,,275,8,,,0
15019,'1489351',1136,,276,8,,,0
15019,'1489352',1236,,277,8,,,0
15019,'1489353',1336,,278,8,,,0
15019,'1489354',1436,,279,8,,,0
15019,'1489355',1536,,280,8,,,0
15019,'1489356',1636,,281,8,,,0
15019,'1489357',1736,,282,8,,,0
15019,'1489358',1836,,283,8,,,0
15019,'1489359',1936,,284,8,,,0
15019,'1489360',2036,,285,8,,,0
15019,'1489361',2136,,286,8,,,0
