20019,'1492422',650,,378,16,,,0
20019,'1492423',730,,379,16,,,0
20019,'1492424',810,,380,16,,,0
20019,'1492425',850,,381,16,,,0
20019,'1492426',930,,382,16,,,0
20019,'1492427',1010,,383,16,,,0
20019,'1492428',1050,,384,16,,,0
20019,'1492429',1130,,385,16,,,0
20019,'1492430',1210,,386,16,,,0
20019,'1492431',1250,,387,16,,,0
20019,'1492432',1330,,388,16,,,0
20019,'1492433',1410,,389,16,,,0
20019,'1492434',1450,,390,16,,,0
20019,'1492435',1530,,391,16,,,0
20019,'1492436',1610,,392,16,,,0
20019,'1492437',1650,,393,16,,,0
20019,'1492438',1730,,394,16,,,0
20019,'1492439',1810,,395,16,,,0
20019,'1492440',810,,396,16,,,0
20019,'1492441',850,,397,16,,,0
20019,'1492442',930,,398,16,,,0
20019,'1492443',1010,,399,16,,,0
20019,'1492444',1050,,400,16,,,0
20019,'1492445',1130,,401,16,,,0
20019,'1492446',1210,,402,16,,,0
20019,'1492447',1250,,403,16,,,0
20019,'1492448',1330,,404,16,,,0
20019,'1492449',1410,,405,16,,,0
20019,'1492450',1450,,406,16,,,0
20019,'1492451',1530,,407,16,,,0
20019,'1492452',1610,,408,16,,,0
20019,'1492453',1650,,409,16,,,0
20019,'1492454',1730,,410,16,,,0
20019,'1492455',1810,,411,16,,,0
