20019,'1492422',656,,378,24,,,0
20019,'1492423',736,,379,24,,,0
20019,'1492424',816,,380,24,,,0
20019,'1492425',856,,381,24,,,0
20019,'1492426',936,,382,24,,,0
20019,'1492427',1016,,383,24,,,0
20019,'1492428',1056,,384,24,,,0
20019,'1492429',1136,,385,24,,,0
20019,'1492430',1216,,386,24,,,0
20019,'1492431',1256,,387,24,,,0
20019,'1492432',1336,,388,24,,,0
20019,'1492433',1416,,389,24,,,0
20019,'1492434',1456,,390,24,,,0
20019,'1492435',1536,,391,24,,,0
20019,'1492436',1616,,392,24,,,0
20019,'1492437',1656,,393,24,,,0
20019,'1492438',1736,,394,24,,,0
20019,'1492439',1816,,395,24,,,0
20019,'1492440',816,,396,24,,,0
20019,'1492441',856,,397,24,,,0
20019,'1492442',936,,398,24,,,0
20019,'1492443',1016,,399,24,,,0
20019,'1492444',1056,,400,24,,,0
20019,'1492445',1136,,401,24,,,0
20019,'1492446',1216,,402,24,,,0
20019,'1492447',1256,,403,24,,,0
20019,'1492448',1336,,404,24,,,0
20019,'1492449',1416,,405,24,,,0
20019,'1492450',1456,,406,24,,,0
20019,'1492451',1536,,407,24,,,0
20019,'1492452',1616,,408,24,,,0
20019,'1492453',1656,,409,24,,,0
20019,'1492454',1736,,410,24,,,0
20019,'1492455',1816,,411,24,,,0
30000019,'1486494',947,,528,18,,,0
30000019,'1486495',1047,,529,18,,,0
30000019,'1486496',1147,,530,18,,,0
30000019,'1486497',1247,,531,18,,,0
30000019,'1486498',1347,,532,18,,,0
30000019,'1486499',1447,,533,18,,,0
30000019,'1486500',1547,,534,18,,,0
30000019,'1486501',1647,,535,18,,,0
