66019,'1489865',810,,412,10,,,0
66019,'1489866',840,,413,10,,,0
66019,'1489867',910,,414,10,,,0
66019,'1489868',940,,415,10,,,0
66019,'1489869',1010,,416,10,,,0
66019,'1489870',1040,,417,10,,,0
66019,'1489871',1110,,418,10,,,0
66019,'1489872',1140,,419,10,,,0
66019,'1489873',1210,,420,10,,,0
66019,'1489874',1240,,421,10,,,0
66019,'1489875',1310,,422,10,,,0
66019,'1489876',1340,,423,10,,,0
66019,'1489877',1410,,424,10,,,0
66019,'1489878',1440,,425,10,,,0
66019,'1489879',1510,,426,10,,,0
66019,'1489880',1540,,427,10,,,0
66019,'1489881',1610,,428,10,,,0
66019,'1489882',1640,,429,10,,,0
66019,'1489883',1710,,430,10,,,0
