1019,'1481753',624,,1,3,0,6,0
1019,'1481754',744,,2,3,0,6,0
1019,'1482680',826,,3,33,0,11,0
1019,'1482681',906,,4,33,0,11,0
1019,'1482682',946,,5,33,0,11,0
1019,'1482683',1026,,6,33,0,11,0
1019,'1482684',1106,,7,33,0,11,0
1019,'1482685',1146,,8,33,0,11,0
1019,'1482686',1226,,9,33,0,11,0
1019,'1482687',1306,,10,33,0,11,0
1019,'1482688',1346,,11,33,0,11,0
1019,'1482689',1426,,12,33,0,11,0
1019,'1482690',1506,,13,33,0,11,0
1019,'1482691',1546,,14,33,0,11,0
1019,'1482692',1626,,15,33,0,11,0
1019,'1482693',1706,,16,33,0,11,0
1019,'1482694',1746,,17,33,0,11,0
1019,'1482695',1826,,18,33,0,11,0
1019,'1482696',1906,,19,33,0,11,0
1019,'1482697',1946,,20,33,0,11,0
1019,'1482698',2026,,21,33,0,11,0
1019,'1482699',2106,,22,33,0,11,0
1019,'1482700',2146,,23,33,0,11,0
1019,'1482701',2226,,24,33,0,11,0
1019,'1485865',705,,26,36,0,11,0
1019,'1485866',745,,27,36,0,11,0
1019,'1485867',825,,28,36,0,11,0
1019,'1485868',905,,29,36,0,11,0
1019,'1485869',945,,30,36,0,11,0
1019,'1485870',1025,,31,36,0,11,0
1019,'1485871',1105,,32,36,0,11,0
1019,'1485872',1145,,33,36,0,11,0
1019,'1485873',1225,,34,36,0,11,0
1019,'1485874',1305,,35,36,0,11,0
1019,'1485875',1345,,36,36,0,11,0
1019,'1485876',1425,,37,36,0,11,0
1019,'1485877',1505,,38,36,0,11,0
1019,'1485878',1545,,39,36,0,11,0
1019,'1485879',1625,,40,36,0,11,0
1019,'1485880',1705,,41,36,0,11,0
1019,'1485881',1745,,42,36,0,11,0
1019,'1485882',1825,,43,36,0,11,0
901019,'1480871',623,,454,3,0,6,0
901019,'1480872',743,,455,3,0,6,0
902019,'1488258',645,,501,3,0,6,0
902019,'1488259',745,,502,3,0,6,0
903019,'1487148',704,,431,3,,,0
