7019,'1482898',632,,111,7,0,8,0
7019,'1482899',752,,112,7,0,8,0
12019,'1482623',702,,170,7,0,8,0
12019,'1482624',802,,171,7,0,8,0
16019,'1488147',801,,287,18,0,9 10,0
16019,'1488148',901,,288,18,0,9 10,0
16019,'1488149',1001,,289,18,0,9 10,0
16019,'1488162',1301,,290,18,0,9 10,0
16019,'1488163',1401,,291,18,0,9 10,0
16019,'1488164',1501,,292,18,0,9 10,0
16019,'1488165',1601,,293,18,0,9 10,0
16019,'1488166',1701,,294,18,0,9 10,0
16019,'1488167',1801,,295,18,0,9 10,0
16019,'1492416',1101,,296,18,0,9 10,0
16019,'1492417',1201,,297,18,0,9 10,0
16019,'1492418',1101,,298,18,0,9 10,0
16019,'1492419',1201,,299,18,0,9 10,0
16019,'1492420',1501,,300,18,0,9 10,0
16019,'1492421',1601,,301,18,0,9 10,0
16019,'1492471',901,,302,18,0,9 10,0
16019,'1492472',1001,,303,18,0,9 10,0
16019,'1492473',1701,,304,18,0,9 10,0
16019,'1492474',1801,,305,18,0,9 10,0
16019,'1492475',1301,,306,18,0,9 10,0
16019,'1492476',1401,,307,18,0,9 10,0
